10	/N + 1 EM	ISSIVITY	COEFFTS./				
5680.9	A  24  35	/FILMEM	= #7_ls#n	1/TYPE =	EXCIT	/INDM = T	/ISEL =    1
1.00E+06	2.46E+06	6.06E+06	1.49E+07	3.67E+07	9.05E+07	2.23E+08	5.48E+08
1.35E+09	3.32E+09	8.19E+09	2.02E+10	4.96E+10	1.22E+11	3.01E+11	7.41E+11
1.82E+12	4.49E+12	1.11E+13	2.72E+13	6.70E+13	1.65E+14	4.06E+14	1.00E+15
1.00E-01	1.40E-01	1.97E-01	2.76E-01	3.87E-01	5.44E-01	7.63E-01	1.07E+00
1.50E+00	2.11E+00	2.96E+00	4.15E+00	5.82E+00	8.16E+00	1.15E+01	1.61E+01
2.25E+01	3.16E+01	4.44E+01	6.22E+01	8.73E+01	1.23E+02	1.72E+02	2.41E+02
3.38E+02	4.75E+02	6.66E+02	9.35E+02	1.31E+03	1.84E+03	2.58E+03	3.62E+03
5.08E+03	7.13E+03	1.00E+04					
1.00E-74	1.00E-74	1.00E-74	6.17E-41	1.09E-31	4.03E-25	1.79E-20	3.41E-17
6.89E-15	2.86E-13	3.86E-12	2.34E-11	7.97E-11	1.79E-10	2.98E-10	4.00E-10
4.60E-10	4.77E-10	4.62E-10	4.30E-10	3.89E-10	3.47E-10	3.07E-10	2.71E-10
2.38E-10	2.09E-10	1.84E-10	1.61E-10	1.42E-10	1.25E-10	1.10E-10	9.71E-11
8.60E-11	7.64E-11	6.82E-11					
1.00E-74	1.00E-74	1.00E-74	6.36E-41	1.13E-31	4.15E-25	1.85E-20	3.50E-17
7.07E-15	2.93E-13	3.94E-12	2.38E-11	8.08E-11	1.81E-10	3.01E-10	4.03E-10
4.62E-10	4.78E-10	4.62E-10	4.29E-10	3.89E-10	3.47E-10	3.07E-10	2.70E-10
2.38E-10	2.09E-10	1.84E-10	1.61E-10	1.42E-10	1.24E-10	1.10E-10	9.69E-11
8.58E-11	7.63E-11	6.80E-11					
1.00E-74	1.00E-74	1.00E-74	6.62E-41	1.17E-31	4.30E-25	1.91E-20	3.61E-17
7.26E-15	3.00E-13	4.02E-12	2.42E-11	8.19E-11	1.83E-10	3.04E-10	4.06E-10
4.64E-10	4.79E-10	4.63E-10	4.30E-10	3.89E-10	3.47E-10	3.06E-10	2.70E-10
2.38E-10	2.09E-10	1.83E-10	1.61E-10	1.41E-10	1.24E-10	1.10E-10	9.68E-11
8.58E-11	7.62E-11	6.79E-11					
1.00E-74	1.00E-74	1.00E-74	6.91E-41	1.22E-31	4.49E-25	1.99E-20	3.75E-17
7.52E-15	3.09E-13	4.12E-12	2.47E-11	8.34E-11	1.86E-10	3.07E-10	4.09E-10
4.67E-10	4.81E-10	4.64E-10	4.30E-10	3.89E-10	3.47E-10	3.06E-10	2.70E-10
2.38E-10	2.09E-10	1.83E-10	1.61E-10	1.41E-10	1.24E-10	1.10E-10	9.68E-11
8.57E-11	7.62E-11	6.79E-11					
1.00E-74	1.00E-74	1.00E-74	7.14E-41	1.27E-31	4.66E-25	2.07E-20	3.90E-17
7.81E-15	3.20E-13	4.26E-12	2.54E-11	8.51E-11	1.89E-10	3.11E-10	4.13E-10
4.70E-10	4.84E-10	4.66E-10	4.31E-10	3.89E-10	3.47E-10	3.06E-10	2.70E-10
2.38E-10	2.09E-10	1.83E-10	1.61E-10	1.41E-10	1.24E-10	1.10E-10	9.68E-11
8.57E-11	7.61E-11	6.79E-11					
1.00E-74	1.00E-74	1.00E-74	7.28E-41	1.29E-31	4.77E-25	2.12E-20	4.01E-17
8.05E-15	3.30E-13	4.37E-12	2.60E-11	8.68E-11	1.92E-10	3.15E-10	4.16E-10
4.73E-10	4.85E-10	4.67E-10	4.31E-10	3.90E-10	3.47E-10	3.07E-10	2.70E-10
2.38E-10	2.09E-10	1.83E-10	1.61E-10	1.41E-10	1.24E-10	1.10E-10	9.67E-11
8.57E-11	7.61E-11	6.78E-11					
1.00E-74	1.00E-74	1.00E-74	7.35E-41	1.31E-31	4.83E-25	2.15E-20	4.08E-17
8.19E-15	3.35E-13	4.44E-12	2.63E-11	8.78E-11	1.94E-10	3.17E-10	4.18E-10
4.74E-10	4.86E-10	4.67E-10	4.32E-10	3.90E-10	3.47E-10	3.07E-10	2.70E-10
2.38E-10	2.09E-10	1.83E-10	1.61E-10	1.41E-10	1.24E-10	1.10E-10	9.67E-11
8.57E-11	7.61E-11	6.78E-11					
1.00E-74	1.00E-74	1.00E-74	7.38E-41	1.31E-31	4.86E-25	2.17E-20	4.11E-17
8.25E-15	3.38E-13	4.48E-12	2.65E-11	8.82E-11	1.94E-10	3.17E-10	4.18E-10
4.74E-10	4.86E-10	4.67E-10	4.32E-10	3.90E-10	3.47E-10	3.06E-10	2.70E-10
2.38E-10	2.09E-10	1.83E-10	1.61E-10	1.41E-10	1.24E-10	1.10E-10	9.67E-11
8.57E-11	7.61E-11	6.78E-11					
1.00E-74	1.00E-74	1.00E-74	7.39E-41	1.32E-31	4.87E-25	2.17E-20	4.12E-17
8.28E-15	3.39E-13	4.49E-12	2.66E-11	8.83E-11	1.94E-10	3.17E-10	4.18E-10
4.74E-10	4.85E-10	4.66E-10	4.31E-10	3.89E-10	3.47E-10	3.06E-10	2.70E-10
2.37E-10	2.09E-10	1.83E-10	1.61E-10	1.41E-10	1.24E-10	1.09E-10	9.67E-11
8.57E-11	7.61E-11	6.78E-11					
1.00E-74	1.00E-74	1.00E-74	7.40E-41	1.32E-31	4.88E-25	2.18E-20	4.13E-17
8.29E-15	3.39E-13	4.48E-12	2.65E-11	8.79E-11	1.93E-10	3.15E-10	4.16E-10
4.71E-10	4.83E-10	4.65E-10	4.30E-10	3.89E-10	3.46E-10	3.06E-10	2.70E-10
2.37E-10	2.09E-10	1.83E-10	1.61E-10	1.41E-10	1.24E-10	1.09E-10	9.67E-11
8.57E-11	7.61E-11	6.78E-11					
1.00E-74	1.00E-74	1.00E-74	7.40E-41	1.32E-31	4.88E-25	2.18E-20	4.13E-17
8.28E-15	3.38E-13	4.46E-12	2.63E-11	8.71E-11	1.91E-10	3.12E-10	4.11E-10
4.67E-10	4.80E-10	4.62E-10	4.28E-10	3.87E-10	3.46E-10	3.06E-10	2.70E-10
2.37E-10	2.09E-10	1.83E-10	1.61E-10	1.41E-10	1.24E-10	1.09E-10	9.67E-11
8.57E-11	7.61E-11	6.78E-11					
1.00E-74	1.00E-74	1.00E-74	7.41E-41	1.32E-31	4.88E-25	2.18E-20	4.13E-17
8.27E-15	3.37E-13	4.42E-12	2.60E-11	8.59E-11	1.88E-10	3.07E-10	4.06E-10
4.61E-10	4.75E-10	4.58E-10	4.26E-10	3.86E-10	3.45E-10	3.05E-10	2.69E-10
2.37E-10	2.09E-10	1.83E-10	1.61E-10	1.41E-10	1.24E-10	1.09E-10	9.67E-11
8.56E-11	7.61E-11	6.78E-11					
1.00E-74	1.00E-74	1.00E-74	7.41E-41	1.32E-31	4.88E-25	2.18E-20	4.13E-17
8.26E-15	3.35E-13	4.38E-12	2.57E-11	8.47E-11	1.85E-10	3.03E-10	4.00E-10
4.56E-10	4.70E-10	4.55E-10	4.24E-10	3.85E-10	3.44E-10	3.05E-10	2.69E-10
2.37E-10	2.09E-10	1.83E-10	1.61E-10	1.41E-10	1.24E-10	1.09E-10	9.67E-11
8.56E-11	7.61E-11	6.78E-11					
1.00E-74	1.00E-74	1.00E-74	7.41E-41	1.32E-31	4.88E-25	2.18E-20	4.12E-17
8.24E-15	3.34E-13	4.36E-12	2.54E-11	8.38E-11	1.83E-10	2.99E-10	3.96E-10
4.52E-10	4.67E-10	4.53E-10	4.23E-10	3.84E-10	3.44E-10	3.05E-10	2.69E-10
2.37E-10	2.09E-10	1.83E-10	1.61E-10	1.41E-10	1.24E-10	1.09E-10	9.67E-11
8.57E-11	7.61E-11	6.78E-11					
1.00E-74	1.00E-74	1.00E-74	7.42E-41	1.32E-31	4.88E-25	2.18E-20	4.12E-17
8.23E-15	3.33E-13	4.34E-12	2.53E-11	8.33E-11	1.82E-10	2.98E-10	3.94E-10
4.50E-10	4.66E-10	4.52E-10	4.22E-10	3.84E-10	3.43E-10	3.05E-10	2.69E-10
2.37E-10	2.08E-10	1.83E-10	1.61E-10	1.41E-10	1.24E-10	1.09E-10	9.67E-11
8.57E-11	7.61E-11	6.78E-11					
1.00E-74	1.00E-74	1.00E-74	7.43E-41	1.32E-31	4.88E-25	2.18E-20	4.12E-17
8.22E-15	3.32E-13	4.32E-12	2.52E-11	8.30E-11	1.82E-10	2.96E-10	3.92E-10
4.49E-10	4.65E-10	4.51E-10	4.21E-10	3.83E-10	3.43E-10	3.04E-10	2.69E-10
2.37E-10	2.08E-10	1.83E-10	1.61E-10	1.41E-10	1.24E-10	1.10E-10	9.67E-11
8.57E-11	7.61E-11	6.78E-11					
1.00E-74	1.00E-74	1.00E-74	7.46E-41	1.32E-31	4.88E-25	2.17E-20	4.11E-17
8.20E-15	3.31E-13	4.31E-12	2.51E-11	8.26E-11	1.81E-10	2.95E-10	3.91E-10
4.47E-10	4.63E-10	4.50E-10	4.20E-10	3.83E-10	3.43E-10	3.04E-10	2.69E-10
2.37E-10	2.08E-10	1.83E-10	1.61E-10	1.41E-10	1.24E-10	1.10E-10	9.68E-11
8.58E-11	7.62E-11	6.79E-11					
1.00E-74	1.00E-74	1.00E-74	7.48E-41	1.32E-31	4.87E-25	2.16E-20	4.09E-17
8.15E-15	3.29E-13	4.27E-12	2.49E-11	8.18E-11	1.79E-10	2.92E-10	3.87E-10
4.43E-10	4.60E-10	4.47E-10	4.18E-10	3.81E-10	3.42E-10	3.04E-10	2.68E-10
2.37E-10	2.08E-10	1.83E-10	1.61E-10	1.42E-10	1.25E-10	1.10E-10	9.70E-11
8.59E-11	7.63E-11	6.80E-11					
1.00E-74	1.00E-74	1.00E-74	7.38E-41	1.30E-31	4.79E-25	2.13E-20	4.01E-17
7.99E-15	3.22E-13	4.17E-12	2.43E-11	7.97E-11	1.74E-10	2.84E-10	3.77E-10
4.33E-10	4.50E-10	4.39E-10	4.12E-10	3.76E-10	3.38E-10	3.01E-10	2.67E-10
2.36E-10	2.08E-10	1.83E-10	1.61E-10	1.42E-10	1.25E-10	1.10E-10	9.73E-11
8.62E-11	7.66E-11	6.83E-11					
1.00E-74	1.00E-74	1.00E-74	6.86E-41	1.22E-31	4.52E-25	2.01E-20	3.81E-17
7.57E-15	3.04E-13	3.92E-12	2.27E-11	7.41E-11	1.62E-10	2.64E-10	3.50E-10
4.04E-10	4.23E-10	4.15E-10	3.92E-10	3.61E-10	3.27E-10	2.93E-10	2.61E-10
2.32E-10	2.05E-10	1.82E-10	1.60E-10	1.41E-10	1.25E-10	1.10E-10	9.78E-11
8.68E-11	7.72E-11	6.89E-11					
1.00E-74	1.00E-74	1.00E-74	5.62E-41	1.03E-31	3.87E-25	1.75E-20	3.34E-17
6.63E-15	2.64E-13	3.36E-12	1.92E-11	6.20E-11	1.34E-10	2.18E-10	2.90E-10
3.37E-10	3.57E-10	3.56E-10	3.41E-10	3.19E-10	2.93E-10	2.67E-10	2.41E-10
2.17E-10	1.94E-10	1.74E-10	1.55E-10	1.38E-10	1.23E-10	1.09E-10	9.73E-11
8.68E-11	7.76E-11	6.95E-11					
1.00E-74	1.00E-74	1.00E-74	3.96E-41	7.46E-32	2.89E-25	1.34E-20	2.58E-17
5.11E-15	2.00E-13	2.49E-12	1.38E-11	4.38E-11	9.30E-11	1.50E-10	1.99E-10
2.33E-10	2.50E-10	2.54E-10	2.49E-10	2.38E-10	2.24E-10	2.09E-10	1.93E-10
1.78E-10	1.63E-10	1.49E-10	1.36E-10	1.24E-10	1.12E-10	1.01E-10	9.18E-11
8.31E-11	7.52E-11	6.80E-11					
1.00E-74	1.00E-74	1.00E-74	2.56E-41	4.90E-32	1.94E-25	9.13E-21	1.78E-17
3.50E-15	1.34E-13	1.61E-12	8.65E-12	2.65E-11	5.51E-11	8.73E-11	1.15E-10
1.35E-10	1.47E-10	1.51E-10	1.51E-10	1.47E-10	1.42E-10	1.35E-10	1.28E-10
1.21E-10	1.14E-10	1.07E-10	9.98E-11	9.32E-11	8.69E-11	8.09E-11	7.52E-11
6.98E-11	6.47E-11	5.99E-11					
1.00E-74	1.00E-74	1.00E-74	1.71E-41	3.26E-32	1.29E-25	6.08E-21	1.19E-17
2.32E-15	8.67E-14	1.00E-12	5.17E-12	1.53E-11	3.10E-11	4.81E-11	6.30E-11
7.39E-11	8.06E-11	8.39E-11	8.46E-11	8.35E-11	8.14E-11	7.86E-11	7.54E-11
7.21E-11	6.88E-11	6.55E-11	6.24E-11	5.93E-11	5.64E-11	5.36E-11	5.10E-11
4.85E-11	4.61E-11	4.38E-11					
5738.1	A  24  35	/FILMEM	= #7_ls#n	1/TYPE =	EXCIT	/INDM = T	/ISEL =    2
1.00E+06	2.46E+06	6.06E+06	1.49E+07	3.67E+07	9.05E+07	2.23E+08	5.48E+08
1.35E+09	3.32E+09	8.19E+09	2.02E+10	4.96E+10	1.22E+11	3.01E+11	7.41E+11
1.82E+12	4.49E+12	1.11E+13	2.72E+13	6.70E+13	1.65E+14	4.06E+14	1.00E+15
1.00E-01	1.40E-01	1.97E-01	2.76E-01	3.87E-01	5.44E-01	7.63E-01	1.07E+00
1.50E+00	2.11E+00	2.96E+00	4.15E+00	5.82E+00	8.16E+00	1.15E+01	1.61E+01
2.25E+01	3.16E+01	4.44E+01	6.22E+01	8.73E+01	1.23E+02	1.72E+02	2.41E+02
3.38E+02	4.75E+02	6.66E+02	9.35E+02	1.31E+03	1.84E+03	2.58E+03	3.62E+03
5.08E+03	7.13E+03	1.00E+04					
1.00E-74	1.00E-74	1.00E-74	1.88E-42	3.33E-33	1.23E-26	5.47E-22	1.04E-18
2.10E-16	8.72E-15	1.18E-13	7.13E-13	2.43E-12	5.46E-12	9.10E-12	1.22E-11
1.40E-11	1.45E-11	1.41E-11	1.31E-11	1.19E-11	1.06E-11	9.36E-12	8.25E-12
7.26E-12	6.38E-12	5.60E-12	4.92E-12	4.32E-12	3.80E-12	3.35E-12	2.96E-12
2.62E-12	2.33E-12	2.08E-12					
1.00E-74	1.00E-74	1.00E-74	1.94E-42	3.43E-33	1.27E-26	5.63E-22	1.07E-18
2.15E-16	8.92E-15	1.20E-13	7.25E-13	2.46E-12	5.53E-12	9.18E-12	1.23E-11
1.41E-11	1.46E-11	1.41E-11	1.31E-11	1.18E-11	1.06E-11	9.35E-12	8.24E-12
7.25E-12	6.37E-12	5.60E-12	4.91E-12	4.31E-12	3.79E-12	3.34E-12	2.95E-12
2.62E-12	2.32E-12	2.07E-12					
1.00E-74	1.00E-74	1.00E-74	2.02E-42	3.57E-33	1.31E-26	5.82E-22	1.10E-18
2.21E-16	9.13E-15	1.22E-13	7.37E-13	2.50E-12	5.59E-12	9.26E-12	1.24E-11
1.41E-11	1.46E-11	1.41E-11	1.31E-11	1.18E-11	1.06E-11	9.34E-12	8.23E-12
7.24E-12	6.37E-12	5.59E-12	4.91E-12	4.31E-12	3.79E-12	3.34E-12	2.95E-12
2.61E-12	2.32E-12	2.07E-12					
1.00E-74	1.00E-74	1.00E-74	2.11E-42	3.72E-33	1.37E-26	6.06E-22	1.14E-18
2.29E-16	9.42E-15	1.26E-13	7.53E-13	2.54E-12	5.67E-12	9.37E-12	1.25E-11
1.42E-11	1.47E-11	1.41E-11	1.31E-11	1.19E-11	1.06E-11	9.34E-12	8.23E-12
7.24E-12	6.37E-12	5.59E-12	4.91E-12	4.31E-12	3.79E-12	3.34E-12	2.95E-12
2.61E-12	2.32E-12	2.07E-12					
1.00E-74	1.00E-74	1.00E-74	2.18E-42	3.86E-33	1.42E-26	6.30E-22	1.19E-18
2.38E-16	9.75E-15	1.30E-13	7.73E-13	2.59E-12	5.76E-12	9.49E-12	1.26E-11
1.43E-11	1.47E-11	1.42E-11	1.31E-11	1.19E-11	1.06E-11	9.34E-12	8.23E-12
7.24E-12	6.37E-12	5.59E-12	4.91E-12	4.31E-12	3.79E-12	3.34E-12	2.95E-12
2.61E-12	2.32E-12	2.07E-12					
1.00E-74	1.00E-74	1.00E-74	2.22E-42	3.94E-33	1.45E-26	6.47E-22	1.22E-18
2.45E-16	1.00E-14	1.33E-13	7.91E-13	2.64E-12	5.85E-12	9.59E-12	1.27E-11
1.44E-11	1.48E-11	1.42E-11	1.31E-11	1.19E-11	1.06E-11	9.34E-12	8.23E-12
7.24E-12	6.36E-12	5.59E-12	4.91E-12	4.31E-12	3.79E-12	3.34E-12	2.95E-12
2.61E-12	2.32E-12	2.07E-12					
1.00E-74	1.00E-74	1.00E-74	2.24E-42	3.98E-33	1.47E-26	6.56E-22	1.24E-18
2.49E-16	1.02E-14	1.35E-13	8.03E-13	2.68E-12	5.90E-12	9.65E-12	1.27E-11
1.45E-11	1.48E-11	1.42E-11	1.32E-11	1.19E-11	1.06E-11	9.34E-12	8.23E-12
7.24E-12	6.36E-12	5.59E-12	4.91E-12	4.31E-12	3.79E-12	3.34E-12	2.95E-12
2.61E-12	2.32E-12	2.07E-12					
1.00E-74	1.00E-74	1.00E-74	2.25E-42	4.00E-33	1.48E-26	6.60E-22	1.25E-18
2.52E-16	1.03E-14	1.37E-13	8.08E-13	2.69E-12	5.92E-12	9.67E-12	1.28E-11
1.45E-11	1.48E-11	1.42E-11	1.32E-11	1.19E-11	1.06E-11	9.34E-12	8.23E-12
7.24E-12	6.36E-12	5.59E-12	4.91E-12	4.31E-12	3.79E-12	3.34E-12	2.95E-12
2.61E-12	2.32E-12	2.07E-12					
1.00E-74	1.00E-74	1.00E-74	2.25E-42	4.01E-33	1.48E-26	6.62E-22	1.26E-18
2.52E-16	1.03E-14	1.37E-13	8.09E-13	2.69E-12	5.92E-12	9.66E-12	1.27E-11
1.44E-11	1.48E-11	1.42E-11	1.31E-11	1.19E-11	1.06E-11	9.34E-12	8.23E-12
7.24E-12	6.36E-12	5.59E-12	4.90E-12	4.31E-12	3.79E-12	3.34E-12	2.95E-12
2.61E-12	2.32E-12	2.07E-12					
1.00E-74	1.00E-74	1.00E-74	2.26E-42	4.02E-33	1.49E-26	6.63E-22	1.26E-18
2.53E-16	1.03E-14	1.37E-13	8.07E-13	2.68E-12	5.89E-12	9.61E-12	1.27E-11
1.44E-11	1.47E-11	1.42E-11	1.31E-11	1.18E-11	1.06E-11	9.33E-12	8.22E-12
7.24E-12	6.36E-12	5.59E-12	4.90E-12	4.31E-12	3.79E-12	3.34E-12	2.95E-12
2.61E-12	2.32E-12	2.07E-12					
1.00E-74	1.00E-74	1.00E-74	2.26E-42	4.02E-33	1.49E-26	6.63E-22	1.26E-18
2.52E-16	1.03E-14	1.36E-13	8.01E-13	2.65E-12	5.83E-12	9.51E-12	1.25E-11
1.42E-11	1.46E-11	1.41E-11	1.30E-11	1.18E-11	1.05E-11	9.32E-12	8.22E-12
7.23E-12	6.36E-12	5.59E-12	4.90E-12	4.31E-12	3.79E-12	3.34E-12	2.95E-12
2.61E-12	2.32E-12	2.07E-12					
1.00E-74	1.00E-74	1.00E-74	2.26E-42	4.02E-33	1.49E-26	6.64E-22	1.26E-18
2.52E-16	1.03E-14	1.35E-13	7.92E-13	2.62E-12	5.74E-12	9.36E-12	1.24E-11
1.41E-11	1.45E-11	1.40E-11	1.30E-11	1.18E-11	1.05E-11	9.31E-12	8.21E-12
7.23E-12	6.36E-12	5.59E-12	4.90E-12	4.31E-12	3.79E-12	3.34E-12	2.95E-12
2.61E-12	2.32E-12	2.07E-12					
1.00E-74	1.00E-74	1.00E-74	2.26E-42	4.02E-33	1.49E-26	6.64E-22	1.26E-18
2.52E-16	1.02E-14	1.34E-13	7.82E-13	2.58E-12	5.65E-12	9.22E-12	1.22E-11
1.39E-11	1.43E-11	1.39E-11	1.29E-11	1.17E-11	1.05E-11	9.29E-12	8.20E-12
7.23E-12	6.36E-12	5.58E-12	4.90E-12	4.31E-12	3.79E-12	3.34E-12	2.95E-12
2.61E-12	2.32E-12	2.07E-12					
1.00E-74	1.00E-74	1.00E-74	2.26E-42	4.02E-33	1.49E-26	6.64E-22	1.26E-18
2.51E-16	1.02E-14	1.33E-13	7.75E-13	2.55E-12	5.59E-12	9.12E-12	1.21E-11
1.38E-11	1.42E-11	1.38E-11	1.29E-11	1.17E-11	1.05E-11	9.29E-12	8.20E-12
7.22E-12	6.35E-12	5.58E-12	4.90E-12	4.31E-12	3.79E-12	3.34E-12	2.95E-12
2.61E-12	2.32E-12	2.07E-12					
1.00E-74	1.00E-74	1.00E-74	2.26E-42	4.02E-33	1.49E-26	6.64E-22	1.26E-18
2.51E-16	1.01E-14	1.32E-13	7.71E-13	2.54E-12	5.56E-12	9.07E-12	1.20E-11
1.37E-11	1.42E-11	1.38E-11	1.29E-11	1.17E-11	1.05E-11	9.28E-12	8.20E-12
7.22E-12	6.35E-12	5.58E-12	4.90E-12	4.31E-12	3.79E-12	3.34E-12	2.95E-12
2.61E-12	2.32E-12	2.07E-12					
1.00E-74	1.00E-74	1.00E-74	2.27E-42	4.03E-33	1.49E-26	6.64E-22	1.26E-18
2.51E-16	1.01E-14	1.32E-13	7.68E-13	2.53E-12	5.53E-12	9.03E-12	1.20E-11
1.37E-11	1.42E-11	1.38E-11	1.28E-11	1.17E-11	1.05E-11	9.28E-12	8.20E-12
7.22E-12	6.35E-12	5.58E-12	4.90E-12	4.31E-12	3.79E-12	3.34E-12	2.95E-12
2.61E-12	2.32E-12	2.07E-12					
1.00E-74	1.00E-74	1.00E-74	2.27E-42	4.03E-33	1.49E-26	6.63E-22	1.25E-18
2.50E-16	1.01E-14	1.31E-13	7.65E-13	2.52E-12	5.51E-12	8.99E-12	1.19E-11
1.36E-11	1.41E-11	1.37E-11	1.28E-11	1.17E-11	1.04E-11	9.27E-12	8.19E-12
7.22E-12	6.35E-12	5.59E-12	4.91E-12	4.31E-12	3.79E-12	3.34E-12	2.95E-12
2.61E-12	2.32E-12	2.07E-12					
1.00E-74	1.00E-74	1.00E-74	2.28E-42	4.03E-33	1.48E-26	6.59E-22	1.25E-18
2.48E-16	1.00E-14	1.30E-13	7.58E-13	2.49E-12	5.45E-12	8.91E-12	1.18E-11
1.35E-11	1.40E-11	1.36E-11	1.27E-11	1.16E-11	1.04E-11	9.25E-12	8.18E-12
7.21E-12	6.35E-12	5.59E-12	4.91E-12	4.31E-12	3.80E-12	3.35E-12	2.96E-12
2.62E-12	2.33E-12	2.07E-12					
1.00E-74	1.00E-74	1.00E-74	2.25E-42	3.97E-33	1.46E-26	6.48E-22	1.22E-18
2.43E-16	9.81E-15	1.27E-13	7.39E-13	2.43E-12	5.31E-12	8.67E-12	1.15E-11
1.32E-11	1.37E-11	1.34E-11	1.25E-11	1.15E-11	1.03E-11	9.18E-12	8.13E-12
7.19E-12	6.34E-12	5.58E-12	4.91E-12	4.32E-12	3.80E-12	3.36E-12	2.97E-12
2.63E-12	2.34E-12	2.08E-12					
1.00E-74	1.00E-74	1.00E-74	2.09E-42	3.72E-33	1.38E-26	6.14E-22	1.16E-18
2.31E-16	9.25E-15	1.19E-13	6.90E-13	2.26E-12	4.93E-12	8.04E-12	1.07E-11
1.23E-11	1.29E-11	1.27E-11	1.20E-11	1.10E-11	9.96E-12	8.93E-12	7.95E-12
7.06E-12	6.26E-12	5.53E-12	4.89E-12	4.31E-12	3.81E-12	3.36E-12	2.98E-12
2.64E-12	2.35E-12	2.10E-12					
1.00E-74	1.00E-74	1.00E-74	1.71E-42	3.13E-33	1.18E-26	5.34E-22	1.02E-18
2.02E-16	8.04E-15	1.02E-13	5.84E-13	1.89E-12	4.09E-12	6.64E-12	8.84E-12
1.03E-11	1.09E-11	1.08E-11	1.04E-11	9.72E-12	8.94E-12	8.13E-12	7.34E-12
6.61E-12	5.92E-12	5.29E-12	4.72E-12	4.20E-12	3.74E-12	3.33E-12	2.97E-12
2.65E-12	2.36E-12	2.12E-12					
1.00E-74	1.00E-74	1.00E-74	1.21E-42	2.27E-33	8.82E-27	4.08E-22	7.86E-19
1.56E-16	6.10E-15	7.59E-14	4.22E-13	1.33E-12	2.84E-12	4.56E-12	6.06E-12
7.09E-12	7.62E-12	7.74E-12	7.59E-12	7.26E-12	6.83E-12	6.36E-12	5.89E-12
5.43E-12	4.98E-12	4.55E-12	4.15E-12	3.77E-12	3.41E-12	3.09E-12	2.80E-12
2.53E-12	2.29E-12	2.07E-12					
1.00E-74	1.00E-74	1.00E-74	7.80E-43	1.49E-33	5.91E-27	2.78E-22	5.41E-19
1.07E-16	4.08E-15	4.91E-14	2.64E-13	8.09E-13	1.68E-12	2.66E-12	3.51E-12
4.12E-12	4.47E-12	4.61E-12	4.60E-12	4.49E-12	4.31E-12	4.11E-12	3.89E-12
3.68E-12	3.46E-12	3.25E-12	3.04E-12	2.84E-12	2.65E-12	2.47E-12	2.29E-12
2.13E-12	1.97E-12	1.83E-12					
1.00E-74	1.00E-74	1.00E-74	5.22E-43	9.92E-34	3.92E-27	1.85E-22	3.62E-19
7.08E-17	2.64E-15	3.06E-14	1.58E-13	4.67E-13	9.43E-13	1.47E-12	1.92E-12
2.25E-12	2.46E-12	2.56E-12	2.58E-12	2.55E-12	2.48E-12	2.39E-12	2.30E-12
2.20E-12	2.10E-12	2.00E-12	1.90E-12	1.81E-12	1.72E-12	1.63E-12	1.55E-12
1.48E-12	1.40E-12	1.33E-12					
5593.1	A  24  35	/FILMEM	= #7_ls#n	1/TYPE =	EXCIT	/INDM = T	/ISEL =    3
1.00E+06	2.46E+06	6.06E+06	1.49E+07	3.67E+07	9.05E+07	2.23E+08	5.48E+08
1.35E+09	3.32E+09	8.19E+09	2.02E+10	4.96E+10	1.22E+11	3.01E+11	7.41E+11
1.82E+12	4.49E+12	1.11E+13	2.72E+13	6.70E+13	1.65E+14	4.06E+14	1.00E+15
1.00E-01	1.40E-01	1.97E-01	2.76E-01	3.87E-01	5.44E-01	7.63E-01	1.07E+00
1.50E+00	2.11E+00	2.96E+00	4.15E+00	5.82E+00	8.16E+00	1.15E+01	1.61E+01
2.25E+01	3.16E+01	4.44E+01	6.22E+01	8.73E+01	1.23E+02	1.72E+02	2.41E+02
3.38E+02	4.75E+02	6.66E+02	9.35E+02	1.31E+03	1.84E+03	2.58E+03	3.62E+03
5.08E+03	7.13E+03	1.00E+04					
1.00E-74	1.00E-74	1.00E-74	1.00E-74	7.09E-41	9.16E-33	5.17E-27	6.04E-23
4.47E-20	4.63E-18	1.18E-16	1.11E-15	5.13E-15	1.42E-14	2.71E-14	3.90E-14
4.54E-14	4.48E-14	3.89E-14	3.07E-14	2.31E-14	1.71E-14	1.28E-14	9.68E-15
7.50E-15	5.92E-15	4.77E-15	3.91E-15	3.26E-15	2.75E-15	2.35E-15	2.02E-15
1.75E-15	1.52E-15	1.32E-15					
1.00E-74	1.00E-74	1.00E-74	1.00E-74	7.27E-41	9.44E-33	5.35E-27	6.29E-23
4.67E-20	4.86E-18	1.24E-16	1.17E-15	5.40E-15	1.50E-14	2.86E-14	4.11E-14
4.77E-14	4.69E-14	4.06E-14	3.20E-14	2.41E-14	1.78E-14	1.33E-14	1.01E-14
7.82E-15	6.18E-15	4.99E-15	4.11E-15	3.44E-15	2.92E-15	2.51E-15	2.17E-15
1.89E-15	1.66E-15	1.46E-15					
1.00E-74	1.00E-74	1.00E-74	1.00E-74	7.39E-41	9.60E-33	5.45E-27	6.41E-23
4.76E-20	4.95E-18	1.27E-16	1.19E-15	5.50E-15	1.53E-14	2.91E-14	4.17E-14
4.83E-14	4.75E-14	4.10E-14	3.23E-14	2.43E-14	1.80E-14	1.34E-14	1.02E-14
7.91E-15	6.26E-15	5.07E-15	4.18E-15	3.51E-15	2.98E-15	2.57E-15	2.23E-15
1.95E-15	1.72E-15	1.52E-15					
1.00E-74	1.00E-74	1.00E-74	1.00E-74	7.47E-41	9.71E-33	5.52E-27	6.48E-23
4.81E-20	4.98E-18	1.27E-16	1.19E-15	5.50E-15	1.52E-14	2.89E-14	4.14E-14
4.79E-14	4.71E-14	4.06E-14	3.20E-14	2.41E-14	1.78E-14	1.33E-14	1.01E-14
7.87E-15	6.24E-15	5.05E-15	4.18E-15	3.51E-15	2.99E-15	2.58E-15	2.24E-15
1.97E-15	1.73E-15	1.53E-15					
1.00E-74	1.00E-74	1.00E-74	1.00E-74	7.54E-41	9.80E-33	5.56E-27	6.53E-23
4.83E-20	4.99E-18	1.27E-16	1.19E-15	5.45E-15	1.50E-14	2.86E-14	4.08E-14
4.71E-14	4.63E-14	4.00E-14	3.15E-14	2.37E-14	1.76E-14	1.31E-14	1.00E-14
7.78E-15	6.17E-15	5.01E-15	4.14E-15	3.48E-15	2.97E-15	2.56E-15	2.23E-15
1.96E-15	1.73E-15	1.53E-15					
1.00E-74	1.00E-74	1.00E-74	1.00E-74	7.57E-41	9.85E-33	5.59E-27	6.56E-23
4.84E-20	4.99E-18	1.26E-16	1.18E-15	5.39E-15	1.48E-14	2.81E-14	4.02E-14
4.64E-14	4.56E-14	3.94E-14	3.11E-14	2.34E-14	1.74E-14	1.30E-14	9.89E-15
7.70E-15	6.11E-15	4.96E-15	4.10E-15	3.45E-15	2.94E-15	2.54E-15	2.21E-15
1.94E-15	1.71E-15	1.52E-15					
1.00E-74	1.00E-74	1.00E-74	1.00E-74	7.59E-41	9.88E-33	5.61E-27	6.57E-23
4.85E-20	4.98E-18	1.26E-16	1.17E-15	5.34E-15	1.47E-14	2.79E-14	3.98E-14
4.60E-14	4.52E-14	3.90E-14	3.08E-14	2.32E-14	1.72E-14	1.29E-14	9.83E-15
7.65E-15	6.07E-15	4.93E-15	4.08E-15	3.43E-15	2.92E-15	2.52E-15	2.19E-15
1.93E-15	1.70E-15	1.51E-15					
1.00E-74	1.00E-74	1.00E-74	1.00E-74	7.60E-41	9.89E-33	5.61E-27	6.58E-23
4.85E-20	4.98E-18	1.25E-16	1.16E-15	5.32E-15	1.46E-14	2.77E-14	3.96E-14
4.57E-14	4.49E-14	3.88E-14	3.07E-14	2.31E-14	1.72E-14	1.29E-14	9.79E-15
7.63E-15	6.06E-15	4.91E-15	4.06E-15	3.42E-15	2.91E-15	2.51E-15	2.19E-15
1.92E-15	1.69E-15	1.50E-15					
1.00E-74	1.00E-74	1.00E-74	1.00E-74	7.60E-41	9.89E-33	5.62E-27	6.58E-23
4.85E-20	4.97E-18	1.25E-16	1.16E-15	5.29E-15	1.45E-14	2.76E-14	3.94E-14
4.55E-14	4.47E-14	3.87E-14	3.06E-14	2.30E-14	1.71E-14	1.28E-14	9.78E-15
7.61E-15	6.05E-15	4.90E-15	4.06E-15	3.41E-15	2.91E-15	2.50E-15	2.18E-15
1.91E-15	1.69E-15	1.49E-15					
1.00E-74	1.00E-74	1.00E-74	1.00E-74	7.60E-41	9.89E-33	5.62E-27	6.58E-23
4.84E-20	4.96E-18	1.25E-16	1.15E-15	5.26E-15	1.44E-14	2.74E-14	3.91E-14
4.52E-14	4.45E-14	3.85E-14	3.05E-14	2.30E-14	1.71E-14	1.28E-14	9.77E-15
7.61E-15	6.04E-15	4.90E-15	4.06E-15	3.41E-15	2.90E-15	2.50E-15	2.18E-15
1.91E-15	1.69E-15	1.49E-15					
1.00E-74	1.00E-74	1.00E-74	1.00E-74	7.60E-41	9.89E-33	5.61E-27	6.57E-23
4.83E-20	4.94E-18	1.24E-16	1.14E-15	5.20E-15	1.43E-14	2.71E-14	3.87E-14
4.48E-14	4.41E-14	3.83E-14	3.03E-14	2.29E-14	1.71E-14	1.28E-14	9.75E-15
7.60E-15	6.04E-15	4.90E-15	4.05E-15	3.41E-15	2.90E-15	2.50E-15	2.18E-15
1.91E-15	1.69E-15	1.49E-15					
1.00E-74	1.00E-74	1.00E-74	1.00E-74	7.59E-41	9.87E-33	5.60E-27	6.56E-23
4.82E-20	4.91E-18	1.23E-16	1.13E-15	5.12E-15	1.40E-14	2.66E-14	3.81E-14
4.42E-14	4.36E-14	3.79E-14	3.01E-14	2.28E-14	1.70E-14	1.28E-14	9.74E-15
7.59E-15	6.03E-15	4.89E-15	4.05E-15	3.40E-15	2.90E-15	2.50E-15	2.18E-15
1.91E-15	1.68E-15	1.49E-15					
1.00E-74	1.00E-74	1.00E-74	5.36E-52	7.56E-41	9.84E-33	5.58E-27	6.53E-23
4.79E-20	4.86E-18	1.21E-16	1.11E-15	5.03E-15	1.38E-14	2.61E-14	3.74E-14
4.35E-14	4.31E-14	3.76E-14	2.99E-14	2.27E-14	1.69E-14	1.27E-14	9.72E-15
7.58E-15	6.02E-15	4.89E-15	4.05E-15	3.40E-15	2.90E-15	2.50E-15	2.18E-15
1.91E-15	1.68E-15	1.49E-15					
1.00E-74	1.00E-74	1.00E-74	2.18E-52	7.50E-41	9.75E-33	5.53E-27	6.47E-23
4.73E-20	4.80E-18	1.19E-16	1.09E-15	4.93E-15	1.35E-14	2.56E-14	3.68E-14
4.29E-14	4.25E-14	3.72E-14	2.97E-14	2.25E-14	1.68E-14	1.27E-14	9.68E-15
7.55E-15	6.00E-15	4.88E-15	4.04E-15	3.39E-15	2.89E-15	2.49E-15	2.17E-15
1.91E-15	1.68E-15	1.49E-15					
1.00E-74	1.00E-74	1.00E-74	2.65E-52	7.35E-41	9.55E-33	5.41E-27	6.32E-23
4.62E-20	4.68E-18	1.16E-16	1.06E-15	4.80E-15	1.32E-14	2.50E-14	3.60E-14
4.20E-14	4.18E-14	3.66E-14	2.92E-14	2.22E-14	1.67E-14	1.25E-14	9.59E-15
7.49E-15	5.96E-15	4.85E-15	4.02E-15	3.38E-15	2.88E-15	2.49E-15	2.17E-15
1.90E-15	1.68E-15	1.49E-15					
1.00E-74	1.00E-74	1.00E-74	2.52E-52	7.02E-41	9.09E-33	5.14E-27	5.99E-23
4.37E-20	4.43E-18	1.10E-16	1.01E-15	4.56E-15	1.25E-14	2.38E-14	3.44E-14
4.02E-14	4.02E-14	3.53E-14	2.83E-14	2.16E-14	1.62E-14	1.22E-14	9.39E-15
7.35E-15	5.86E-15	4.77E-15	3.96E-15	3.34E-15	2.85E-15	2.46E-15	2.15E-15
1.89E-15	1.67E-15	1.48E-15					
1.00E-74	1.00E-74	1.00E-74	2.48E-52	6.33E-41	8.15E-33	4.58E-27	5.32E-23
3.88E-20	3.92E-18	9.74E-17	8.94E-16	4.07E-15	1.12E-14	2.15E-14	3.11E-14
3.67E-14	3.68E-14	3.26E-14	2.63E-14	2.02E-14	1.53E-14	1.16E-14	8.94E-15
7.03E-15	5.64E-15	4.61E-15	3.84E-15	3.25E-15	2.78E-15	2.41E-15	2.11E-15
1.86E-15	1.64E-15	1.46E-15					
1.00E-74	1.00E-74	1.00E-74	1.96E-52	5.15E-41	6.56E-33	3.65E-27	4.20E-23
3.05E-20	3.09E-18	7.69E-17	7.09E-16	3.24E-15	9.01E-15	1.74E-14	2.54E-14
3.02E-14	3.07E-14	2.75E-14	2.24E-14	1.74E-14	1.33E-14	1.02E-14	8.00E-15
6.36E-15	5.15E-15	4.25E-15	3.58E-15	3.05E-15	2.63E-15	2.29E-15	2.02E-15
1.79E-15	1.59E-15	1.41E-15					
1.00E-74	1.00E-74	1.00E-74	1.44E-52	3.67E-41	4.60E-33	2.52E-27	2.87E-23
2.07E-20	2.09E-18	5.20E-17	4.81E-16	2.21E-15	6.19E-15	1.20E-14	1.78E-14
2.14E-14	2.20E-14	2.00E-14	1.67E-14	1.32E-14	1.03E-14	8.05E-15	6.40E-15
5.19E-15	4.28E-15	3.59E-15	3.07E-15	2.66E-15	2.32E-15	2.05E-15	1.83E-15
1.63E-15	1.47E-15	1.32E-15					
1.00E-74	1.00E-74	1.00E-74	9.48E-53	2.40E-41	2.95E-33	1.59E-27	1.78E-23
1.26E-20	1.27E-18	3.13E-17	2.88E-16	1.32E-15	3.70E-15	7.20E-15	1.07E-14
1.30E-14	1.35E-14	1.25E-14	1.06E-14	8.54E-15	6.80E-15	5.44E-15	4.43E-15
3.67E-15	3.10E-15	2.66E-15	2.33E-15	2.06E-15	1.84E-15	1.65E-15	1.50E-15
1.37E-15	1.25E-15	1.14E-15					
1.00E-74	1.00E-74	1.00E-74	6.39E-53	1.61E-41	1.95E-33	1.03E-27	1.12E-23
7.80E-21	7.65E-19	1.85E-17	1.68E-16	7.61E-16	2.11E-15	4.07E-15	6.02E-15
7.31E-15	7.65E-15	7.13E-15	6.12E-15	5.02E-15	4.07E-15	3.32E-15	2.76E-15
2.33E-15	2.00E-15	1.76E-15	1.56E-15	1.41E-15	1.28E-15	1.18E-15	1.09E-15
1.02E-15	9.48E-16	8.84E-16					
1.00E-74	1.00E-74	1.00E-74	4.81E-53	1.22E-41	1.48E-33	7.70E-28	8.16E-24
5.45E-21	5.15E-19	1.20E-17	1.06E-16	4.67E-16	1.26E-15	2.39E-15	3.49E-15
4.22E-15	4.42E-15	4.15E-15	3.61E-15	3.01E-15	2.49E-15	2.07E-15	1.74E-15
1.49E-15	1.30E-15	1.15E-15	1.03E-15	9.38E-16	8.62E-16	8.01E-16	7.50E-16
7.06E-16	6.67E-16	6.32E-16					
1.00E-74	1.00E-74	1.00E-74	4.04E-53	1.05E-41	1.30E-33	6.70E-28	6.93E-24
4.42E-21	3.96E-19	8.74E-18	7.33E-17	3.11E-16	8.12E-16	1.50E-15	2.15E-15
2.57E-15	2.70E-15	2.57E-15	2.27E-15	1.95E-15	1.65E-15	1.41E-15	1.21E-15
1.06E-15	9.31E-16	8.30E-16	7.50E-16	6.84E-16	6.29E-16	5.84E-16	5.46E-16
5.14E-16	4.86E-16	4.61E-16					
1.00E-74	1.00E-74	1.00E-74	3.63E-53	9.54E-42	1.20E-33	6.26E-28	6.39E-24
3.91E-21	3.29E-19	6.76E-18	5.30E-17	2.13E-16	5.33E-16	9.51E-16	1.33E-15
1.58E-15	1.67E-15	1.61E-15	1.46E-15	1.29E-15	1.13E-15	9.92E-16	8.80E-16
7.88E-16	7.10E-16	6.44E-16	5.90E-16	5.45E-16	5.05E-16	4.70E-16	4.40E-16
4.14E-16	3.91E-16	3.70E-16					
5547.3	A  24  35	/FILMEM	= #7_ls#n	1/TYPE =	EXCIT	/INDM = T	/ISEL =    4
1.00E+06	2.46E+06	6.06E+06	1.49E+07	3.67E+07	9.05E+07	2.23E+08	5.48E+08
1.35E+09	3.32E+09	8.19E+09	2.02E+10	4.96E+10	1.22E+11	3.01E+11	7.41E+11
1.82E+12	4.49E+12	1.11E+13	2.72E+13	6.70E+13	1.65E+14	4.06E+14	1.00E+15
1.00E-01	1.40E-01	1.97E-01	2.76E-01	3.87E-01	5.44E-01	7.63E-01	1.07E+00
1.50E+00	2.11E+00	2.96E+00	4.15E+00	5.82E+00	8.16E+00	1.15E+01	1.61E+01
2.25E+01	3.16E+01	4.44E+01	6.22E+01	8.73E+01	1.23E+02	1.72E+02	2.41E+02
3.38E+02	4.75E+02	6.66E+02	9.35E+02	1.31E+03	1.84E+03	2.58E+03	3.62E+03
5.08E+03	7.13E+03	1.00E+04					
1.00E-74	1.00E-74	1.00E-74	1.00E-74	1.32E-42	1.86E-34	1.10E-28	1.32E-24
9.90E-22	1.03E-19	2.64E-18	2.49E-17	1.15E-16	3.21E-16	6.20E-16	9.05E-16
1.07E-15	1.08E-15	9.46E-16	7.57E-16	5.75E-16	4.28E-16	3.20E-16	2.43E-16
1.88E-16	1.48E-16	1.19E-16	9.75E-17	8.12E-17	6.86E-17	5.85E-17	5.04E-17
4.37E-17	3.80E-17	3.31E-17					
1.00E-74	1.00E-74	1.00E-74	1.00E-74	1.93E-42	2.67E-34	1.55E-28	1.82E-24
1.33E-21	1.35E-19	3.40E-18	3.16E-17	1.45E-16	4.02E-16	7.75E-16	1.13E-15
1.34E-15	1.35E-15	1.19E-15	9.44E-16	7.11E-16	5.25E-16	3.88E-16	2.91E-16
2.22E-16	1.73E-16	1.38E-16	1.13E-16	9.33E-17	7.86E-17	6.70E-17	5.77E-17
5.01E-17	4.37E-17	3.82E-17					
1.00E-74	1.00E-74	1.00E-74	1.00E-74	2.96E-42	4.08E-34	2.35E-28	2.72E-24
1.96E-21	1.96E-19	4.82E-18	4.39E-17	1.99E-16	5.46E-16	1.05E-15	1.53E-15
1.81E-15	1.82E-15	1.60E-15	1.26E-15	9.43E-16	6.87E-16	5.01E-16	3.70E-16
2.79E-16	2.15E-16	1.69E-16	1.36E-16	1.12E-16	9.31E-17	7.88E-17	6.74E-17
5.82E-17	5.05E-17	4.41E-17					
1.00E-74	1.00E-74	1.00E-74	1.00E-74	4.25E-42	5.98E-34	3.51E-28	4.11E-24
2.97E-21	2.97E-19	7.26E-18	6.54E-17	2.92E-16	7.91E-16	1.50E-15	2.17E-15
2.56E-15	2.55E-15	2.22E-15	1.74E-15	1.29E-15	9.31E-16	6.71E-16	4.90E-16
3.66E-16	2.79E-16	2.17E-16	1.73E-16	1.41E-16	1.17E-16	9.81E-17	8.34E-17
7.15E-17	6.17E-17	5.35E-17					
1.00E-74	1.00E-74	1.00E-74	1.00E-74	5.38E-42	7.78E-34	4.69E-28	5.64E-24
4.17E-21	4.23E-19	1.04E-17	9.41E-17	4.16E-16	1.11E-15	2.07E-15	2.94E-15
3.42E-15	3.37E-15	2.91E-15	2.27E-15	1.67E-15	1.20E-15	8.58E-16	6.25E-16
4.65E-16	3.53E-16	2.75E-16	2.19E-16	1.78E-16	1.48E-16	1.24E-16	1.06E-16
9.09E-17	7.84E-17	6.79E-17					
1.00E-74	1.00E-74	1.00E-74	1.00E-74	6.09E-42	8.97E-34	5.52E-28	6.80E-24
5.14E-21	5.32E-19	1.33E-17	1.21E-16	5.31E-16	1.40E-15	2.56E-15	3.59E-15
4.11E-15	4.01E-15	3.44E-15	2.67E-15	1.96E-15	1.40E-15	1.00E-15	7.29E-16
5.43E-16	4.13E-16	3.22E-16	2.58E-16	2.12E-16	1.77E-16	1.50E-16	1.28E-16
1.11E-16	9.67E-17	8.45E-17					
1.00E-74	1.00E-74	1.00E-74	1.00E-74	6.44E-42	9.59E-34	5.97E-28	7.45E-24
5.72E-21	5.99E-19	1.51E-17	1.38E-16	6.06E-16	1.59E-15	2.87E-15	3.98E-15
4.52E-15	4.38E-15	3.74E-15	2.90E-15	2.12E-15	1.51E-15	1.08E-15	7.88E-16
5.88E-16	4.48E-16	3.51E-16	2.83E-16	2.33E-16	1.95E-16	1.67E-16	1.44E-16
1.26E-16	1.11E-16	9.77E-17					
1.00E-74	1.00E-74	1.00E-74	1.00E-74	6.60E-42	9.87E-34	6.18E-28	7.76E-24
5.99E-21	6.32E-19	1.61E-17	1.47E-16	6.45E-16	1.68E-15	3.03E-15	4.17E-15
4.71E-15	4.56E-15	3.88E-15	3.00E-15	2.19E-15	1.57E-15	1.12E-15	8.17E-16
6.09E-16	4.65E-16	3.65E-16	2.95E-16	2.43E-16	2.05E-16	1.76E-16	1.53E-16
1.34E-16	1.19E-16	1.05E-16					
1.00E-74	1.00E-74	1.00E-74	1.00E-74	6.67E-42	9.99E-34	6.27E-28	7.90E-24
6.11E-21	6.47E-19	1.65E-17	1.51E-16	6.60E-16	1.72E-15	3.09E-15	4.24E-15
4.79E-15	4.62E-15	3.94E-15	3.05E-15	2.23E-15	1.59E-15	1.14E-15	8.29E-16
6.19E-16	4.73E-16	3.71E-16	3.00E-16	2.48E-16	2.09E-16	1.80E-16	1.57E-16
1.38E-16	1.22E-16	1.09E-16					
1.00E-74	1.00E-74	1.00E-74	1.00E-74	6.70E-42	1.00E-33	6.31E-28	7.95E-24
6.16E-21	6.52E-19	1.66E-17	1.52E-16	6.64E-16	1.73E-15	3.10E-15	4.26E-15
4.80E-15	4.64E-15	3.95E-15	3.06E-15	2.24E-15	1.60E-15	1.14E-15	8.34E-16
6.23E-16	4.76E-16	3.74E-16	3.02E-16	2.50E-16	2.11E-16	1.81E-16	1.58E-16
1.40E-16	1.24E-16	1.11E-16					
1.00E-74	1.00E-74	1.00E-74	1.00E-74	6.71E-42	1.01E-33	6.32E-28	7.97E-24
6.17E-21	6.52E-19	1.65E-17	1.51E-16	6.61E-16	1.71E-15	3.07E-15	4.23E-15
4.77E-15	4.61E-15	3.93E-15	3.05E-15	2.23E-15	1.60E-15	1.15E-15	8.35E-16
6.24E-16	4.77E-16	3.75E-16	3.03E-16	2.51E-16	2.12E-16	1.82E-16	1.59E-16
1.40E-16	1.25E-16	1.12E-16					
1.00E-74	1.00E-74	1.00E-74	1.00E-74	6.70E-42	1.01E-33	6.32E-28	7.97E-24
6.16E-21	6.49E-19	1.64E-17	1.49E-16	6.52E-16	1.69E-15	3.03E-15	4.17E-15
4.71E-15	4.57E-15	3.91E-15	3.04E-15	2.23E-15	1.60E-15	1.14E-15	8.35E-16
6.24E-16	4.77E-16	3.75E-16	3.03E-16	2.51E-16	2.12E-16	1.82E-16	1.59E-16
1.41E-16	1.25E-16	1.12E-16					
1.00E-74	1.00E-74	1.00E-74	1.00E-74	6.69E-42	1.00E-33	6.31E-28	7.94E-24
6.14E-21	6.44E-19	1.62E-17	1.47E-16	6.41E-16	1.66E-15	2.98E-15	4.10E-15
4.65E-15	4.52E-15	3.87E-15	3.02E-15	2.22E-15	1.59E-15	1.14E-15	8.34E-16
6.24E-16	4.77E-16	3.75E-16	3.03E-16	2.51E-16	2.12E-16	1.82E-16	1.59E-16
1.41E-16	1.25E-16	1.12E-16					
1.00E-74	1.00E-74	1.00E-74	1.00E-74	6.66E-42	9.98E-34	6.27E-28	7.89E-24
6.09E-21	6.38E-19	1.60E-17	1.45E-16	6.31E-16	1.63E-15	2.93E-15	4.05E-15
4.59E-15	4.47E-15	3.84E-15	3.00E-15	2.21E-15	1.59E-15	1.14E-15	8.32E-16
6.22E-16	4.76E-16	3.74E-16	3.03E-16	2.51E-16	2.12E-16	1.82E-16	1.59E-16
1.41E-16	1.25E-16	1.12E-16					
1.00E-74	1.00E-74	1.00E-74	1.00E-74	6.58E-42	9.84E-34	6.17E-28	7.76E-24
5.98E-21	6.26E-19	1.57E-17	1.42E-16	6.19E-16	1.60E-15	2.88E-15	3.98E-15
4.52E-15	4.42E-15	3.80E-15	2.97E-15	2.19E-15	1.57E-15	1.13E-15	8.28E-16
6.20E-16	4.74E-16	3.73E-16	3.02E-16	2.50E-16	2.12E-16	1.82E-16	1.59E-16
1.41E-16	1.25E-16	1.12E-16					
1.00E-74	1.00E-74	1.00E-74	2.99E-53	6.38E-42	9.51E-34	5.95E-28	7.47E-24
5.75E-21	6.02E-19	1.51E-17	1.37E-16	5.96E-16	1.55E-15	2.79E-15	3.86E-15
4.40E-15	4.31E-15	3.72E-15	2.91E-15	2.15E-15	1.55E-15	1.12E-15	8.17E-16
6.13E-16	4.70E-16	3.70E-16	3.00E-16	2.49E-16	2.10E-16	1.81E-16	1.58E-16
1.40E-16	1.25E-16	1.11E-16					
1.00E-74	1.00E-74	1.00E-74	2.43E-53	5.95E-42	8.80E-34	5.47E-28	6.85E-24
5.26E-21	5.51E-19	1.39E-17	1.26E-16	5.50E-16	1.43E-15	2.60E-15	3.61E-15
4.14E-15	4.07E-15	3.53E-15	2.78E-15	2.06E-15	1.49E-15	1.08E-15	7.93E-16
5.97E-16	4.59E-16	3.63E-16	2.95E-16	2.45E-16	2.08E-16	1.79E-16	1.57E-16
1.39E-16	1.24E-16	1.11E-16					
1.00E-74	1.00E-74	1.00E-74	1.48E-53	5.12E-42	7.46E-34	4.59E-28	5.70E-24
4.37E-21	4.58E-19	1.16E-17	1.06E-16	4.65E-16	1.22E-15	2.23E-15	3.13E-15
3.62E-15	3.59E-15	3.14E-15	2.50E-15	1.87E-15	1.37E-15	9.99E-16	7.41E-16
5.62E-16	4.35E-16	3.46E-16	2.83E-16	2.36E-16	2.01E-16	1.74E-16	1.53E-16
1.36E-16	1.21E-16	1.09E-16					
1.00E-74	1.00E-74	1.00E-74	1.20E-53	3.90E-42	5.57E-34	3.37E-28	4.14E-24
3.16E-21	3.31E-19	8.39E-18	7.70E-17	3.42E-16	9.09E-16	1.68E-15	2.39E-15
2.80E-15	2.81E-15	2.50E-15	2.02E-15	1.54E-15	1.14E-15	8.50E-16	6.40E-16
4.93E-16	3.87E-16	3.12E-16	2.58E-16	2.18E-16	1.87E-16	1.64E-16	1.45E-16
1.29E-16	1.16E-16	1.05E-16					
1.00E-74	1.00E-74	1.00E-74	8.94E-54	2.66E-42	3.71E-34	2.20E-28	2.66E-24
2.01E-21	2.10E-19	5.31E-18	4.89E-17	2.18E-16	5.85E-16	1.09E-15	1.57E-15
1.87E-15	1.91E-15	1.73E-15	1.42E-15	1.11E-15	8.42E-16	6.41E-16	4.94E-16
3.89E-16	3.13E-16	2.57E-16	2.17E-16	1.86E-16	1.62E-16	1.44E-16	1.29E-16
1.17E-16	1.06E-16	9.69E-17					
1.00E-74	1.00E-74	1.00E-74	5.94E-54	1.78E-42	2.44E-34	1.42E-28	1.68E-24
1.24E-21	1.28E-19	3.20E-18	2.92E-17	1.30E-16	3.50E-16	6.56E-16	9.51E-16
1.14E-15	1.18E-15	1.08E-15	9.10E-16	7.26E-16	5.67E-16	4.43E-16	3.51E-16
2.83E-16	2.32E-16	1.95E-16	1.67E-16	1.46E-16	1.30E-16	1.17E-16	1.07E-16
9.79E-17	9.03E-17	8.36E-17					
1.00E-74	1.00E-74	1.00E-74	4.43E-54	1.31E-42	1.79E-34	1.02E-28	1.17E-24
8.38E-22	8.34E-20	2.03E-18	1.82E-17	8.01E-17	2.14E-16	3.99E-16	5.79E-16
6.97E-16	7.30E-16	6.84E-16	5.91E-16	4.87E-16	3.94E-16	3.19E-16	2.60E-16
2.15E-16	1.80E-16	1.53E-16	1.33E-16	1.17E-16	1.04E-16	9.41E-17	8.61E-17
7.95E-17	7.38E-17	6.90E-17					
1.00E-74	1.00E-74	1.00E-74	3.54E-54	1.09E-42	1.53E-34	8.66E-29	9.63E-25
6.53E-22	6.16E-20	1.42E-18	1.22E-17	5.25E-17	1.37E-16	2.54E-16	3.66E-16
4.43E-16	4.72E-16	4.54E-16	4.07E-16	3.52E-16	2.99E-16	2.54E-16	2.17E-16
1.86E-16	1.61E-16	1.39E-16	1.22E-16	1.08E-16	9.64E-17	8.65E-17	7.84E-17
7.16E-17	6.58E-17	6.09E-17					
1.00E-74	1.00E-74	1.00E-74	3.10E-54	9.77E-43	1.40E-34	8.04E-29	8.81E-25
5.70E-22	5.03E-20	1.08E-18	8.73E-18	3.57E-17	9.04E-17	1.63E-16	2.32E-16
2.81E-16	3.02E-16	2.98E-16	2.78E-16	2.51E-16	2.24E-16	2.00E-16	1.79E-16
1.61E-16	1.45E-16	1.30E-16	1.18E-16	1.07E-16	9.71E-17	8.83E-17	8.04E-17
7.34E-17	6.72E-17	6.17E-17					
5649.8	A  24  35	/FILMEM	= #7_ls#n	1/TYPE =	EXCIT	/INDM = T	/ISEL =    5
1.00E+06	2.46E+06	6.06E+06	1.49E+07	3.67E+07	9.05E+07	2.23E+08	5.48E+08
1.35E+09	3.32E+09	8.19E+09	2.02E+10	4.96E+10	1.22E+11	3.01E+11	7.41E+11
1.82E+12	4.49E+12	1.11E+13	2.72E+13	6.70E+13	1.65E+14	4.06E+14	1.00E+15
1.00E-01	1.40E-01	1.97E-01	2.76E-01	3.87E-01	5.44E-01	7.63E-01	1.07E+00
1.50E+00	2.11E+00	2.96E+00	4.15E+00	5.82E+00	8.16E+00	1.15E+01	1.61E+01
2.25E+01	3.16E+01	4.44E+01	6.22E+01	8.73E+01	1.23E+02	1.72E+02	2.41E+02
3.38E+02	4.75E+02	6.66E+02	9.35E+02	1.31E+03	1.84E+03	2.58E+03	3.62E+03
5.08E+03	7.13E+03	1.00E+04					
1.00E-74	1.00E-74	1.00E-74	1.00E-74	1.06E-39	2.45E-32	4.05E-27	1.96E-23
7.78E-21	5.21E-19	9.86E-18	7.53E-17	2.99E-16	7.42E-16	1.30E-15	1.79E-15
2.07E-15	2.11E-15	1.99E-15	1.78E-15	1.53E-15	1.30E-15	1.09E-15	9.14E-16
7.66E-16	6.45E-16	5.44E-16	4.58E-16	3.85E-16	3.24E-16	2.73E-16	2.30E-16
1.94E-16	1.64E-16	1.39E-16					
1.00E-74	1.00E-74	1.00E-74	1.00E-74	1.08E-39	2.50E-32	4.12E-27	2.00E-23
7.92E-21	5.30E-19	1.00E-17	7.63E-17	3.03E-16	7.49E-16	1.31E-15	1.80E-15
2.08E-15	2.12E-15	1.99E-15	1.78E-15	1.53E-15	1.30E-15	1.09E-15	9.13E-16
7.66E-16	6.45E-16	5.44E-16	4.58E-16	3.85E-16	3.24E-16	2.73E-16	2.30E-16
1.94E-16	1.64E-16	1.39E-16					
1.00E-74	1.00E-74	1.00E-74	1.00E-74	1.10E-39	2.54E-32	4.19E-27	2.03E-23
8.03E-21	5.36E-19	1.01E-17	7.70E-17	3.05E-16	7.53E-16	1.32E-15	1.81E-15
2.08E-15	2.12E-15	1.99E-15	1.78E-15	1.53E-15	1.30E-15	1.09E-15	9.13E-16
7.65E-16	6.44E-16	5.43E-16	4.58E-16	3.85E-16	3.24E-16	2.73E-16	2.30E-16
1.94E-16	1.64E-16	1.39E-16					
1.00E-74	1.00E-74	1.00E-74	9.29E-50	1.12E-39	2.59E-32	4.27E-27	2.07E-23
8.15E-21	5.43E-19	1.02E-17	7.76E-17	3.07E-16	7.57E-16	1.33E-15	1.81E-15
2.08E-15	2.12E-15	1.99E-15	1.78E-15	1.53E-15	1.30E-15	1.09E-15	9.12E-16
7.65E-16	6.44E-16	5.43E-16	4.57E-16	3.85E-16	3.24E-16	2.73E-16	2.30E-16
1.94E-16	1.64E-16	1.39E-16					
1.00E-74	1.00E-74	1.00E-74	3.77E-50	1.14E-39	2.64E-32	4.35E-27	2.10E-23
8.28E-21	5.51E-19	1.03E-17	7.83E-17	3.09E-16	7.60E-16	1.33E-15	1.82E-15
2.08E-15	2.12E-15	1.99E-15	1.77E-15	1.53E-15	1.30E-15	1.09E-15	9.12E-16
7.65E-16	6.44E-16	5.43E-16	4.57E-16	3.85E-16	3.24E-16	2.73E-16	2.30E-16
1.94E-16	1.64E-16	1.39E-16					
1.00E-74	1.00E-74	1.00E-74	4.60E-50	1.15E-39	2.67E-32	4.40E-27	2.13E-23
8.39E-21	5.57E-19	1.04E-17	7.89E-17	3.11E-16	7.63E-16	1.33E-15	1.82E-15
2.08E-15	2.12E-15	1.99E-15	1.77E-15	1.53E-15	1.30E-15	1.09E-15	9.12E-16
7.64E-16	6.44E-16	5.43E-16	4.57E-16	3.85E-16	3.24E-16	2.72E-16	2.30E-16
1.94E-16	1.64E-16	1.39E-16					
1.00E-74	1.00E-74	1.00E-74	4.98E-50	1.16E-39	2.68E-32	4.43E-27	2.15E-23
8.45E-21	5.61E-19	1.05E-17	7.93E-17	3.12E-16	7.65E-16	1.33E-15	1.82E-15
2.08E-15	2.12E-15	1.99E-15	1.77E-15	1.53E-15	1.30E-15	1.09E-15	9.11E-16
7.64E-16	6.44E-16	5.43E-16	4.57E-16	3.85E-16	3.24E-16	2.72E-16	2.30E-16
1.94E-16	1.64E-16	1.39E-16					
1.00E-74	1.00E-74	1.00E-74	5.06E-50	1.16E-39	2.69E-32	4.44E-27	2.15E-23
8.48E-21	5.63E-19	1.05E-17	7.95E-17	3.12E-16	7.65E-16	1.33E-15	1.82E-15
2.08E-15	2.12E-15	1.99E-15	1.77E-15	1.53E-15	1.30E-15	1.09E-15	9.11E-16
7.64E-16	6.43E-16	5.43E-16	4.57E-16	3.85E-16	3.24E-16	2.72E-16	2.30E-16
1.94E-16	1.64E-16	1.39E-16					
1.00E-74	1.00E-74	1.00E-74	4.93E-50	1.16E-39	2.69E-32	4.45E-27	2.16E-23
8.49E-21	5.63E-19	1.05E-17	7.94E-17	3.11E-16	7.63E-16	1.33E-15	1.81E-15
2.08E-15	2.11E-15	1.98E-15	1.77E-15	1.53E-15	1.30E-15	1.09E-15	9.11E-16
7.64E-16	6.43E-16	5.43E-16	4.57E-16	3.85E-16	3.24E-16	2.72E-16	2.30E-16
1.94E-16	1.64E-16	1.39E-16					
1.00E-74	1.00E-74	1.00E-74	4.96E-50	1.16E-39	2.69E-32	4.45E-27	2.16E-23
8.49E-21	5.63E-19	1.05E-17	7.91E-17	3.10E-16	7.59E-16	1.32E-15	1.80E-15
2.07E-15	2.10E-15	1.98E-15	1.77E-15	1.53E-15	1.29E-15	1.09E-15	9.11E-16
7.64E-16	6.43E-16	5.43E-16	4.57E-16	3.84E-16	3.23E-16	2.72E-16	2.30E-16
1.94E-16	1.64E-16	1.39E-16					
1.00E-74	1.00E-74	1.00E-74	4.98E-50	1.16E-39	2.70E-32	4.46E-27	2.16E-23
8.48E-21	5.61E-19	1.05E-17	7.85E-17	3.07E-16	7.51E-16	1.31E-15	1.78E-15
2.05E-15	2.09E-15	1.97E-15	1.76E-15	1.52E-15	1.29E-15	1.09E-15	9.10E-16
7.64E-16	6.43E-16	5.42E-16	4.57E-16	3.84E-16	3.24E-16	2.72E-16	2.30E-16
1.94E-16	1.64E-16	1.39E-16					
1.00E-74	1.00E-74	1.00E-74	4.99E-50	1.17E-39	2.70E-32	4.46E-27	2.16E-23
8.47E-21	5.59E-19	1.04E-17	7.76E-17	3.03E-16	7.40E-16	1.29E-15	1.76E-15
2.02E-15	2.07E-15	1.95E-15	1.75E-15	1.52E-15	1.29E-15	1.08E-15	9.09E-16
7.63E-16	6.43E-16	5.42E-16	4.57E-16	3.85E-16	3.24E-16	2.72E-16	2.30E-16
1.94E-16	1.64E-16	1.39E-16					
1.00E-74	1.00E-74	1.00E-74	4.99E-50	1.17E-39	2.70E-32	4.46E-27	2.16E-23
8.46E-21	5.56E-19	1.03E-17	7.67E-17	2.99E-16	7.29E-16	1.27E-15	1.74E-15
2.00E-15	2.05E-15	1.94E-15	1.74E-15	1.51E-15	1.29E-15	1.08E-15	9.09E-16
7.63E-16	6.43E-16	5.43E-16	4.57E-16	3.85E-16	3.24E-16	2.73E-16	2.30E-16
1.94E-16	1.64E-16	1.39E-16					
1.00E-74	1.00E-74	1.00E-74	5.01E-50	1.17E-39	2.71E-32	4.47E-27	2.16E-23
8.46E-21	5.55E-19	1.02E-17	7.61E-17	2.96E-16	7.22E-16	1.26E-15	1.72E-15
1.99E-15	2.04E-15	1.93E-15	1.74E-15	1.51E-15	1.29E-15	1.08E-15	9.10E-16
7.64E-16	6.44E-16	5.43E-16	4.58E-16	3.85E-16	3.24E-16	2.73E-16	2.30E-16
1.94E-16	1.64E-16	1.39E-16					
1.00E-74	1.00E-74	1.00E-74	5.04E-50	1.18E-39	2.72E-32	4.49E-27	2.17E-23
8.48E-21	5.56E-19	1.02E-17	7.60E-17	2.95E-16	7.21E-16	1.26E-15	1.72E-15
1.99E-15	2.04E-15	1.94E-15	1.74E-15	1.52E-15	1.29E-15	1.09E-15	9.13E-16
7.67E-16	6.46E-16	5.45E-16	4.59E-16	3.86E-16	3.25E-16	2.74E-16	2.31E-16
1.95E-16	1.65E-16	1.40E-16					
1.00E-74	1.00E-74	1.00E-74	5.11E-50	1.19E-39	2.75E-32	4.53E-27	2.19E-23
8.55E-21	5.60E-19	1.03E-17	7.64E-17	2.97E-16	7.25E-16	1.26E-15	1.73E-15
2.00E-15	2.05E-15	1.95E-15	1.76E-15	1.53E-15	1.30E-15	1.10E-15	9.20E-16
7.73E-16	6.51E-16	5.49E-16	4.62E-16	3.89E-16	3.27E-16	2.75E-16	2.32E-16
1.96E-16	1.66E-16	1.40E-16					
1.00E-74	1.00E-74	1.00E-74	5.28E-50	1.22E-39	2.81E-32	4.62E-27	2.23E-23
8.71E-21	5.70E-19	1.05E-17	7.78E-17	3.02E-16	7.38E-16	1.29E-15	1.76E-15
2.04E-15	2.09E-15	1.99E-15	1.79E-15	1.56E-15	1.33E-15	1.12E-15	9.38E-16
7.87E-16	6.63E-16	5.59E-16	4.71E-16	3.96E-16	3.33E-16	2.80E-16	2.36E-16
1.99E-16	1.68E-16	1.43E-16					
1.00E-74	1.00E-74	1.00E-74	5.69E-50	1.30E-39	2.97E-32	4.85E-27	2.33E-23
9.07E-21	5.93E-19	1.09E-17	8.10E-17	3.15E-16	7.69E-16	1.34E-15	1.84E-15
2.13E-15	2.19E-15	2.07E-15	1.87E-15	1.63E-15	1.39E-15	1.17E-15	9.81E-16
8.23E-16	6.93E-16	5.84E-16	4.91E-16	4.13E-16	3.47E-16	2.91E-16	2.45E-16
2.07E-16	1.75E-16	1.48E-16					
1.00E-74	1.00E-74	1.00E-74	6.53E-50	1.47E-39	3.31E-32	5.34E-27	2.54E-23
9.83E-21	6.41E-19	1.18E-17	8.73E-17	3.39E-16	8.30E-16	1.45E-15	1.99E-15
2.31E-15	2.38E-15	2.26E-15	2.04E-15	1.78E-15	1.52E-15	1.28E-15	1.08E-15
9.05E-16	7.62E-16	6.41E-16	5.38E-16	4.52E-16	3.79E-16	3.18E-16	2.68E-16
2.25E-16	1.90E-16	1.61E-16					
1.00E-74	1.00E-74	1.00E-74	7.85E-50	1.75E-39	3.90E-32	6.21E-27	2.92E-23
1.12E-20	7.22E-19	1.31E-17	9.71E-17	3.77E-16	9.22E-16	1.62E-15	2.23E-15
2.61E-15	2.70E-15	2.59E-15	2.35E-15	2.06E-15	1.77E-15	1.51E-15	1.27E-15
1.07E-15	9.05E-16	7.62E-16	6.40E-16	5.37E-16	4.51E-16	3.78E-16	3.18E-16
2.67E-16	2.25E-16	1.90E-16					
1.00E-74	1.00E-74	1.00E-74	8.88E-50	2.02E-39	4.53E-32	7.23E-27	3.38E-23
1.27E-20	8.08E-19	1.44E-17	1.05E-16	4.03E-16	9.82E-16	1.72E-15	2.40E-15
2.83E-15	2.98E-15	2.90E-15	2.68E-15	2.40E-15	2.10E-15	1.82E-15	1.56E-15
1.34E-15	1.14E-15	9.68E-16	8.20E-16	6.93E-16	5.86E-16	4.94E-16	4.17E-16
3.53E-16	2.98E-16	2.53E-16					
1.00E-74	1.00E-74	1.00E-74	8.34E-50	1.97E-39	4.56E-32	7.45E-27	3.50E-23
1.30E-20	8.04E-19	1.39E-17	9.80E-17	3.68E-16	8.81E-16	1.54E-15	2.15E-15
2.56E-15	2.75E-15	2.74E-15	2.61E-15	2.40E-15	2.18E-15	1.95E-15	1.73E-15
1.52E-15	1.34E-15	1.17E-15	1.02E-15	8.81E-16	7.61E-16	6.56E-16	5.64E-16
4.85E-16	4.16E-16	3.57E-16					
1.00E-74	1.00E-74	1.00E-74	6.57E-50	1.59E-39	3.81E-32	6.39E-27	3.03E-23
1.12E-20	6.67E-19	1.10E-17	7.45E-17	2.70E-16	6.30E-16	1.08E-15	1.50E-15
1.81E-15	1.97E-15	2.00E-15	1.95E-15	1.85E-15	1.73E-15	1.60E-15	1.47E-15
1.35E-15	1.23E-15	1.12E-15	1.02E-15	9.18E-16	8.25E-16	7.40E-16	6.61E-16
5.88E-16	5.22E-16	4.63E-16					
1.00E-74	1.00E-74	1.00E-74	4.98E-50	1.21E-39	2.92E-32	4.96E-27	2.37E-23
8.62E-21	4.96E-19	7.80E-18	5.01E-17	1.74E-16	3.92E-16	6.58E-16	9.03E-16
1.08E-15	1.19E-15	1.22E-15	1.21E-15	1.17E-15	1.12E-15	1.06E-15	9.95E-16
9.36E-16	8.78E-16	8.22E-16	7.69E-16	7.19E-16	6.70E-16	6.24E-16	5.80E-16
5.38E-16	4.98E-16	4.60E-16					
5680.9	A  24  35	/FILMEM	= #7_ls#n	1/TYPE =	RECOM	/INDM = T	/ISEL =    6
1.00E+06	2.46E+06	6.06E+06	1.49E+07	3.67E+07	9.05E+07	2.23E+08	5.48E+08
1.35E+09	3.32E+09	8.19E+09	2.02E+10	4.96E+10	1.22E+11	3.01E+11	7.41E+11
1.82E+12	4.49E+12	1.11E+13	2.72E+13	6.70E+13	1.65E+14	4.06E+14	1.00E+15
1.00E-01	1.40E-01	1.97E-01	2.76E-01	3.87E-01	5.44E-01	7.63E-01	1.07E+00
1.50E+00	2.11E+00	2.96E+00	4.15E+00	5.82E+00	8.16E+00	1.15E+01	1.61E+01
2.25E+01	3.16E+01	4.44E+01	6.22E+01	8.73E+01	1.23E+02	1.72E+02	2.41E+02
3.38E+02	4.75E+02	6.66E+02	9.35E+02	1.31E+03	1.84E+03	2.58E+03	3.62E+03
5.08E+03	7.13E+03	1.00E+04					
1.96E-13	1.64E-13	2.60E-13	2.99E-13	2.13E-13	1.70E-13	1.35E-13	1.11E-13
1.02E-13	1.33E-13	2.55E-13	5.14E-13	8.44E-13	1.11E-12	1.21E-12	1.11E-12
9.07E-13	6.75E-13	4.71E-13	3.16E-13	2.05E-13	1.31E-13	8.24E-14	5.14E-14
3.19E-14	1.96E-14	1.20E-14	7.33E-15	4.48E-15	2.74E-15	1.67E-15	1.02E-15
6.26E-16	3.83E-16	2.34E-16					
1.96E-13	1.64E-13	5.73E-13	2.68E-13	2.24E-13	1.71E-13	1.36E-13	1.12E-13
1.02E-13	1.30E-13	2.44E-13	4.86E-13	7.95E-13	1.05E-12	1.14E-12	1.05E-12
8.57E-13	6.37E-13	4.45E-13	2.98E-13	1.94E-13	1.24E-13	7.78E-14	4.86E-14
3.01E-14	1.85E-14	1.13E-14	6.94E-15	4.24E-15	2.60E-15	1.59E-15	9.72E-16
5.95E-16	3.64E-16	2.23E-16					
1.96E-13	1.64E-13	3.87E-12	2.44E-13	2.38E-13	1.73E-13	1.38E-13	1.12E-13
1.02E-13	1.28E-13	2.33E-13	4.57E-13	7.44E-13	9.81E-13	1.07E-12	9.85E-13
8.03E-13	5.97E-13	4.17E-13	2.79E-13	1.82E-13	1.16E-13	7.31E-14	4.57E-14
2.84E-14	1.75E-14	1.07E-14	6.55E-15	4.01E-15	2.45E-15	1.50E-15	9.20E-16
5.63E-16	3.45E-16	2.12E-16					
1.96E-13	1.64E-13	8.55E-12	2.44E-13	2.47E-13	1.75E-13	1.40E-13	1.13E-13
1.02E-13	1.25E-13	2.22E-13	4.27E-13	6.91E-13	9.09E-13	9.88E-13	9.14E-13
7.45E-13	5.55E-13	3.88E-13	2.60E-13	1.69E-13	1.08E-13	6.83E-14	4.27E-14
2.66E-14	1.64E-14	1.00E-14	6.15E-15	3.76E-15	2.31E-15	1.41E-15	8.66E-16
5.31E-16	3.26E-16	2.00E-16					
1.96E-13	1.64E-13	2.12E-12	2.75E-13	2.46E-13	1.79E-13	1.41E-13	1.14E-13
1.02E-13	1.23E-13	2.10E-13	3.97E-13	6.36E-13	8.36E-13	9.07E-13	8.40E-13
6.85E-13	5.11E-13	3.57E-13	2.40E-13	1.56E-13	1.00E-13	6.32E-14	3.96E-14
2.47E-14	1.52E-14	9.35E-15	5.73E-15	3.52E-15	2.16E-15	1.32E-15	8.12E-16
4.98E-16	3.06E-16	1.88E-16					
1.96E-13	1.64E-13	4.42E-13	3.34E-13	2.43E-13	1.85E-13	1.43E-13	1.16E-13
1.02E-13	1.21E-13	2.00E-13	3.68E-13	5.85E-13	7.66E-13	8.30E-13	7.67E-13
6.26E-13	4.67E-13	3.27E-13	2.19E-13	1.43E-13	9.18E-14	5.81E-14	3.65E-14
2.27E-14	1.40E-14	8.64E-15	5.31E-15	3.26E-15	2.00E-15	1.23E-15	7.56E-16
4.65E-16	2.86E-16	1.76E-16					
1.96E-13	1.64E-13	3.18E-13	3.82E-13	2.47E-13	1.90E-13	1.46E-13	1.17E-13
1.03E-13	1.19E-13	1.90E-13	3.43E-13	5.39E-13	7.02E-13	7.59E-13	7.00E-13
5.71E-13	4.25E-13	2.98E-13	2.00E-13	1.30E-13	8.37E-14	5.30E-14	3.33E-14
2.08E-14	1.29E-14	7.92E-15	4.87E-15	3.00E-15	1.84E-15	1.13E-15	6.99E-16
4.30E-16	2.65E-16	1.63E-16					
1.96E-13	1.64E-13	5.87E-13	3.60E-13	2.67E-13	1.96E-13	1.50E-13	1.19E-13
1.04E-13	1.18E-13	1.83E-13	3.21E-13	4.99E-13	6.47E-13	6.97E-13	6.42E-13
5.23E-13	3.89E-13	2.72E-13	1.83E-13	1.19E-13	7.64E-14	4.84E-14	3.04E-14
1.90E-14	1.17E-14	7.23E-15	4.45E-15	2.74E-15	1.69E-15	1.04E-15	6.40E-16
3.94E-16	2.43E-16	1.50E-16					
1.96E-13	1.64E-13	1.00E-11	3.20E-13	3.05E-13	2.04E-13	1.55E-13	1.21E-13
1.05E-13	1.16E-13	1.75E-13	3.01E-13	4.62E-13	5.95E-13	6.39E-13	5.88E-13
4.79E-13	3.57E-13	2.50E-13	1.68E-13	1.10E-13	7.02E-14	4.45E-14	2.79E-14
1.74E-14	1.08E-14	6.63E-15	4.08E-15	2.51E-15	1.54E-15	9.48E-16	5.84E-16
3.60E-16	2.21E-16	1.36E-16					
1.96E-13	1.64E-13	2.59E-11	3.39E-13	3.39E-13	2.16E-13	1.62E-13	1.25E-13
1.06E-13	1.15E-13	1.68E-13	2.80E-13	4.23E-13	5.41E-13	5.80E-13	5.33E-13
4.34E-13	3.24E-13	2.27E-13	1.53E-13	1.00E-13	6.43E-14	4.08E-14	2.56E-14
1.60E-14	9.91E-15	6.10E-15	3.75E-15	2.31E-15	1.42E-15	8.74E-16	5.38E-16
3.31E-16	2.04E-16	1.26E-16					
1.96E-13	1.64E-13	1.34E-12	4.86E-13	3.46E-13	2.34E-13	1.70E-13	1.30E-13
1.09E-13	1.15E-13	1.60E-13	2.59E-13	3.85E-13	4.88E-13	5.20E-13	4.78E-13
3.89E-13	2.91E-13	2.04E-13	1.38E-13	9.03E-14	5.81E-14	3.70E-14	2.33E-14
1.46E-14	9.05E-15	5.58E-15	3.44E-15	2.12E-15	1.31E-15	8.05E-16	4.97E-16
3.06E-16	1.89E-16	1.17E-16					
1.95E-13	1.64E-13	6.15E-13	6.85E-13	3.73E-13	2.58E-13	1.81E-13	1.36E-13
1.12E-13	1.15E-13	1.54E-13	2.39E-13	3.49E-13	4.37E-13	4.64E-13	4.25E-13
3.46E-13	2.58E-13	1.81E-13	1.22E-13	8.05E-14	5.19E-14	3.31E-14	2.09E-14
1.31E-14	8.16E-15	5.05E-15	3.12E-15	1.92E-15	1.19E-15	7.35E-16	4.54E-16
2.81E-16	1.74E-16	1.08E-16					
1.95E-13	1.64E-13	8.64E-13	8.11E-13	4.35E-13	2.87E-13	1.96E-13	1.43E-13
1.15E-13	1.15E-13	1.48E-13	2.22E-13	3.16E-13	3.91E-13	4.12E-13	3.76E-13
3.05E-13	2.28E-13	1.60E-13	1.08E-13	7.13E-14	4.61E-14	2.94E-14	1.86E-14
1.17E-14	7.28E-15	4.51E-15	2.79E-15	1.73E-15	1.07E-15	6.62E-16	4.10E-16
2.54E-16	1.58E-16	9.78E-17					
1.95E-13	1.64E-13	1.13E-12	1.03E-12	5.16E-13	3.27E-13	2.15E-13	1.53E-13
1.20E-13	1.16E-13	1.43E-13	2.06E-13	2.86E-13	3.49E-13	3.65E-13	3.32E-13
2.69E-13	2.00E-13	1.41E-13	9.54E-14	6.28E-14	4.07E-14	2.60E-14	1.65E-14
1.04E-14	6.47E-15	4.01E-15	2.48E-15	1.54E-15	9.54E-16	5.92E-16	3.67E-16
2.28E-16	1.41E-16	8.79E-17					
1.94E-13	1.64E-13	6.88E-12	1.08E-12	6.81E-13	3.82E-13	2.43E-13	1.66E-13
1.27E-13	1.18E-13	1.39E-13	1.90E-13	2.58E-13	3.09E-13	3.21E-13	2.90E-13
2.34E-13	1.74E-13	1.23E-13	8.32E-14	5.49E-14	3.56E-14	2.28E-14	1.45E-14
9.16E-15	5.71E-15	3.55E-15	2.20E-15	1.37E-15	8.48E-16	5.27E-16	3.27E-16
2.03E-16	1.27E-16	7.87E-17					
1.93E-13	1.63E-13	4.39E-12	1.69E-12	8.57E-13	4.68E-13	2.81E-13	1.85E-13
1.36E-13	1.20E-13	1.35E-13	1.76E-13	2.30E-13	2.71E-13	2.78E-13	2.49E-13
2.01E-13	1.50E-13	1.05E-13	7.16E-14	4.73E-14	3.08E-14	1.98E-14	1.26E-14
7.99E-15	5.00E-15	3.11E-15	1.94E-15	1.20E-15	7.49E-16	4.66E-16	2.91E-16
1.81E-16	1.13E-16	7.05E-17					
1.89E-13	1.60E-13	5.05E-12	2.67E-12	1.15E-12	5.93E-13	3.34E-13	2.09E-13
1.47E-13	1.24E-13	1.31E-13	1.62E-13	2.04E-13	2.35E-13	2.38E-13	2.12E-13
1.70E-13	1.27E-13	8.92E-14	6.07E-14	4.02E-14	2.63E-14	1.69E-14	1.08E-14
6.88E-15	4.32E-15	2.69E-15	1.68E-15	1.05E-15	6.54E-16	4.09E-16	2.55E-16
1.60E-16	9.99E-17	6.25E-17					
1.80E-13	1.54E-13	2.58E-11	3.55E-12	1.70E-12	7.67E-13	4.07E-13	2.39E-13
1.60E-13	1.28E-13	1.27E-13	1.48E-13	1.79E-13	2.00E-13	2.00E-13	1.77E-13
1.41E-13	1.05E-13	7.42E-14	5.05E-14	3.36E-14	2.20E-14	1.43E-14	9.16E-15
5.83E-15	3.67E-15	2.30E-15	1.44E-15	9.00E-16	5.63E-16	3.53E-16	2.21E-16
1.39E-16	8.71E-17	5.47E-17					
1.63E-13	1.42E-13	1.45E-11	6.79E-12	2.35E-12	1.03E-12	4.99E-13	2.75E-13
1.73E-13	1.30E-13	1.21E-13	1.32E-13	1.51E-13	1.65E-13	1.62E-13	1.42E-13
1.13E-13	8.42E-14	5.96E-14	4.08E-14	2.73E-14	1.80E-14	1.17E-14	7.57E-15
4.85E-15	3.07E-15	1.93E-15	1.21E-15	7.61E-16	4.78E-16	3.01E-16	1.89E-16
1.19E-16	7.50E-17	4.73E-17					
1.35E-13	1.21E-13	5.00E-11	9.86E-12	3.56E-12	1.36E-12	6.09E-13	3.10E-13
1.82E-13	1.27E-13	1.09E-13	1.10E-13	1.19E-13	1.25E-13	1.21E-13	1.05E-13
8.37E-14	6.25E-14	4.46E-14	3.08E-14	2.08E-14	1.39E-14	9.13E-15	5.96E-15
3.86E-15	2.46E-15	1.56E-15	9.88E-16	6.25E-16	3.96E-16	2.50E-16	1.58E-16
1.00E-16	6.36E-17	4.03E-17					
1.03E-13	9.41E-14	1.18E-10	1.53E-11	5.25E-12	1.77E-12	7.18E-13	3.31E-13
1.77E-13	1.13E-13	8.82E-14	8.15E-14	8.22E-14	8.25E-14	7.76E-14	6.69E-14
5.34E-14	4.02E-14	2.90E-14	2.04E-14	1.40E-14	9.51E-15	6.38E-15	4.25E-15
2.80E-15	1.82E-15	1.17E-15	7.53E-16	4.83E-16	3.10E-16	1.98E-16	1.27E-16
8.12E-17	5.19E-17	3.32E-17					
7.61E-14	6.99E-14	1.01E-10	2.63E-11	7.35E-12	2.29E-12	8.16E-13	3.34E-13
1.59E-13	8.99E-14	6.22E-14	5.17E-14	4.79E-14	4.55E-14	4.14E-14	3.52E-14
2.80E-14	2.12E-14	1.55E-14	1.11E-14	7.78E-15	5.40E-15	3.72E-15	2.55E-15
1.72E-15	1.15E-15	7.60E-16	5.01E-16	3.29E-16	2.16E-16	1.41E-16	9.23E-17
6.01E-17	3.91E-17	2.54E-17					
6.22E-14	5.59E-14	1.52E-10	4.07E-11	1.05E-11	2.99E-12	9.47E-13	3.42E-13
1.42E-13	6.93E-14	4.13E-14	3.01E-14	2.53E-14	2.24E-14	1.96E-14	1.62E-14
1.28E-14	9.63E-15	7.07E-15	5.09E-15	3.62E-15	2.56E-15	1.80E-15	1.26E-15
8.71E-16	5.96E-16	4.05E-16	2.74E-16	1.86E-16	1.25E-16	8.45E-17	5.67E-17
3.80E-17	2.54E-17	1.69E-17					
5.91E-14	5.17E-14	2.25E-10	5.84E-11	1.48E-11	3.98E-12	1.18E-12	3.96E-13
1.47E-13	6.20E-14	3.10E-14	1.90E-14	1.40E-14	1.14E-14	9.40E-15	7.53E-15
5.79E-15	4.31E-15	3.14E-15	2.25E-15	1.61E-15	1.14E-15	8.03E-16	5.65E-16
3.95E-16	2.73E-16	1.88E-16	1.29E-16	8.90E-17	6.13E-17	4.22E-17	2.90E-17
1.99E-17	1.36E-17	9.32E-18					
5738.1	A  24  35	/FILMEM	= #7_ls#n	1/TYPE =	RECOM	/INDM = T	/ISEL =    7
1.00E+06	2.46E+06	6.06E+06	1.49E+07	3.67E+07	9.05E+07	2.23E+08	5.48E+08
1.35E+09	3.32E+09	8.19E+09	2.02E+10	4.96E+10	1.22E+11	3.01E+11	7.41E+11
1.82E+12	4.49E+12	1.11E+13	2.72E+13	6.70E+13	1.65E+14	4.06E+14	1.00E+15
1.00E-01	1.40E-01	1.97E-01	2.76E-01	3.87E-01	5.44E-01	7.63E-01	1.07E+00
1.50E+00	2.11E+00	2.96E+00	4.15E+00	5.82E+00	8.16E+00	1.15E+01	1.61E+01
2.25E+01	3.16E+01	4.44E+01	6.22E+01	8.73E+01	1.23E+02	1.72E+02	2.41E+02
3.38E+02	4.75E+02	6.66E+02	9.35E+02	1.31E+03	1.84E+03	2.58E+03	3.62E+03
5.08E+03	7.13E+03	1.00E+04					
5.96E-15	5.01E-15	7.93E-15	9.10E-15	6.49E-15	5.19E-15	4.12E-15	3.39E-15
3.11E-15	4.04E-15	7.78E-15	1.57E-14	2.57E-14	3.40E-14	3.68E-14	3.40E-14
2.77E-14	2.06E-14	1.44E-14	9.62E-15	6.25E-15	3.99E-15	2.51E-15	1.57E-15
9.71E-16	5.97E-16	3.65E-16	2.23E-16	1.36E-16	8.34E-17	5.10E-17	3.12E-17
1.91E-17	1.17E-17	7.14E-18					
5.96E-15	5.01E-15	1.75E-14	8.16E-15	6.82E-15	5.22E-15	4.15E-15	3.41E-15
3.11E-15	3.97E-15	7.44E-15	1.48E-14	2.42E-14	3.20E-14	3.47E-14	3.21E-14
2.61E-14	1.94E-14	1.36E-14	9.07E-15	5.90E-15	3.76E-15	2.37E-15	1.48E-15
9.18E-16	5.65E-16	3.46E-16	2.12E-16	1.29E-16	7.91E-17	4.84E-17	2.96E-17
1.81E-17	1.11E-17	6.80E-18					
5.96E-15	5.01E-15	1.18E-13	7.45E-15	7.25E-15	5.26E-15	4.20E-15	3.43E-15
3.10E-15	3.89E-15	7.10E-15	1.39E-14	2.27E-14	2.99E-14	3.25E-14	3.00E-14
2.45E-14	1.82E-14	1.27E-14	8.51E-15	5.54E-15	3.54E-15	2.23E-15	1.39E-15
8.65E-16	5.32E-16	3.26E-16	2.00E-16	1.22E-16	7.48E-17	4.58E-17	2.80E-17
1.72E-17	1.05E-17	6.45E-18					
5.96E-15	5.01E-15	2.60E-13	7.44E-15	7.53E-15	5.34E-15	4.25E-15	3.45E-15
3.10E-15	3.82E-15	6.75E-15	1.30E-14	2.10E-14	2.77E-14	3.01E-14	2.79E-14
2.27E-14	1.69E-14	1.18E-14	7.92E-15	5.16E-15	3.30E-15	2.08E-15	1.30E-15
8.09E-16	4.99E-16	3.06E-16	1.87E-16	1.15E-16	7.03E-17	4.31E-17	2.64E-17
1.62E-17	9.93E-18	6.09E-18					
5.96E-15	5.01E-15	6.47E-14	8.38E-15	7.51E-15	5.47E-15	4.31E-15	3.48E-15
3.11E-15	3.75E-15	6.40E-15	1.21E-14	1.94E-14	2.55E-14	2.77E-14	2.56E-14
2.09E-14	1.56E-14	1.09E-14	7.31E-15	4.76E-15	3.05E-15	1.93E-15	1.21E-15
7.52E-16	4.64E-16	2.85E-16	1.75E-16	1.07E-16	6.57E-17	4.03E-17	2.47E-17
1.52E-17	9.33E-18	5.73E-18					
5.96E-15	5.01E-15	1.35E-14	1.02E-14	7.42E-15	5.63E-15	4.37E-15	3.52E-15
3.12E-15	3.68E-15	6.08E-15	1.12E-14	1.78E-14	2.33E-14	2.53E-14	2.34E-14
1.91E-14	1.42E-14	9.96E-15	6.69E-15	4.37E-15	2.80E-15	1.77E-15	1.11E-15
6.93E-16	4.28E-16	2.63E-16	1.62E-16	9.93E-17	6.10E-17	3.75E-17	2.30E-17
1.42E-17	8.71E-18	5.36E-18					
5.96E-15	5.01E-15	9.70E-15	1.17E-14	7.53E-15	5.80E-15	4.44E-15	3.57E-15
3.14E-15	3.62E-15	5.80E-15	1.05E-14	1.64E-14	2.14E-14	2.31E-14	2.13E-14
1.74E-14	1.30E-14	9.07E-15	6.09E-15	3.98E-15	2.55E-15	1.62E-15	1.01E-15
6.33E-16	3.92E-16	2.41E-16	1.48E-16	9.13E-17	5.62E-17	3.46E-17	2.13E-17
1.31E-17	8.08E-18	4.98E-18					
5.96E-15	5.01E-15	1.79E-14	1.10E-14	8.14E-15	5.97E-15	4.56E-15	3.62E-15
3.16E-15	3.58E-15	5.56E-15	9.80E-15	1.52E-14	1.97E-14	2.12E-14	1.96E-14
1.59E-14	1.19E-14	8.30E-15	5.57E-15	3.63E-15	2.33E-15	1.48E-15	9.26E-16
5.78E-16	3.58E-16	2.20E-16	1.36E-16	8.35E-17	5.14E-17	3.16E-17	1.95E-17
1.20E-17	7.40E-18	4.56E-18					
5.96E-15	5.01E-15	3.06E-13	9.75E-15	9.31E-15	6.20E-15	4.73E-15	3.70E-15
3.19E-15	3.55E-15	5.34E-15	9.17E-15	1.41E-14	1.81E-14	1.95E-14	1.79E-14
1.46E-14	1.09E-14	7.61E-15	5.11E-15	3.34E-15	2.14E-15	1.36E-15	8.51E-16
5.31E-16	3.28E-16	2.02E-16	1.24E-16	7.64E-17	4.70E-17	2.89E-17	1.78E-17
1.10E-17	6.75E-18	4.16E-18					
5.96E-15	5.01E-15	7.89E-13	1.03E-14	1.03E-14	6.57E-15	4.94E-15	3.81E-15
3.24E-15	3.52E-15	5.11E-15	8.52E-15	1.29E-14	1.65E-14	1.77E-14	1.63E-14
1.32E-14	9.87E-15	6.92E-15	4.66E-15	3.05E-15	1.96E-15	1.24E-15	7.81E-16
4.88E-16	3.02E-16	1.86E-16	1.14E-16	7.03E-17	4.33E-17	2.66E-17	1.64E-17
1.01E-17	6.22E-18	3.84E-18					
5.96E-15	5.01E-15	4.08E-14	1.48E-14	1.06E-14	7.14E-15	5.18E-15	3.95E-15
3.31E-15	3.50E-15	4.89E-15	7.88E-15	1.17E-14	1.49E-14	1.59E-14	1.46E-14
1.19E-14	8.86E-15	6.22E-15	4.19E-15	2.75E-15	1.77E-15	1.13E-15	7.10E-16
4.45E-16	2.76E-16	1.70E-16	1.05E-16	6.46E-17	3.98E-17	2.45E-17	1.51E-17
9.34E-18	5.77E-18	3.56E-18					
5.96E-15	5.01E-15	1.88E-14	2.09E-14	1.14E-14	7.86E-15	5.52E-15	4.13E-15
3.40E-15	3.49E-15	4.69E-15	7.29E-15	1.06E-14	1.33E-14	1.41E-14	1.29E-14
1.05E-14	7.86E-15	5.53E-15	3.73E-15	2.45E-15	1.58E-15	1.01E-15	6.38E-16
4.00E-16	2.49E-16	1.54E-16	9.50E-17	5.87E-17	3.62E-17	2.24E-17	1.39E-17
8.57E-18	5.30E-18	3.28E-18					
5.95E-15	5.00E-15	2.63E-14	2.47E-14	1.33E-14	8.75E-15	5.96E-15	4.36E-15
3.51E-15	3.50E-15	4.51E-15	6.75E-15	9.63E-15	1.19E-14	1.26E-14	1.15E-14
9.31E-15	6.94E-15	4.89E-15	3.30E-15	2.17E-15	1.40E-15	8.96E-16	5.67E-16
3.57E-16	2.22E-16	1.38E-16	8.51E-17	5.27E-17	3.26E-17	2.02E-17	1.25E-17
7.75E-18	4.81E-18	2.98E-18					
5.95E-15	5.00E-15	3.45E-14	3.13E-14	1.57E-14	9.97E-15	6.56E-15	4.66E-15
3.66E-15	3.53E-15	4.36E-15	6.27E-15	8.72E-15	1.06E-14	1.11E-14	1.01E-14
8.19E-15	6.11E-15	4.30E-15	2.91E-15	1.91E-15	1.24E-15	7.92E-16	5.02E-16
3.16E-16	1.97E-16	1.22E-16	7.57E-17	4.69E-17	2.91E-17	1.80E-17	1.12E-17
6.94E-18	4.31E-18	2.68E-18					
5.92E-15	4.99E-15	2.10E-13	3.30E-14	2.08E-14	1.16E-14	7.41E-15	5.07E-15
3.86E-15	3.58E-15	4.23E-15	5.81E-15	7.85E-15	9.43E-15	9.77E-15	8.82E-15
7.14E-15	5.32E-15	3.74E-15	2.54E-15	1.67E-15	1.09E-15	6.96E-16	4.42E-16
2.79E-16	1.74E-16	1.08E-16	6.71E-17	4.16E-17	2.58E-17	1.61E-17	9.97E-18
6.20E-18	3.86E-18	2.40E-18					
5.87E-15	4.95E-15	1.34E-13	5.15E-14	2.61E-14	1.43E-14	8.57E-15	5.62E-15
4.13E-15	3.66E-15	4.11E-15	5.36E-15	7.02E-15	8.27E-15	8.47E-15	7.60E-15
6.13E-15	4.56E-15	3.21E-15	2.18E-15	1.44E-15	9.39E-16	6.04E-16	3.85E-16
2.44E-16	1.52E-16	9.49E-17	5.90E-17	3.67E-17	2.28E-17	1.42E-17	8.86E-18
5.52E-18	3.44E-18	2.15E-18					
5.75E-15	4.88E-15	1.54E-13	8.14E-14	3.50E-14	1.81E-14	1.02E-14	6.36E-15
4.47E-15	3.77E-15	4.00E-15	4.94E-15	6.22E-15	7.17E-15	7.25E-15	6.46E-15
5.19E-15	3.86E-15	2.72E-15	1.85E-15	1.23E-15	8.00E-16	5.16E-16	3.30E-16
2.10E-16	1.32E-16	8.21E-17	5.12E-17	3.19E-17	1.99E-17	1.25E-17	7.78E-18
4.87E-18	3.04E-18	1.90E-18					
5.49E-15	4.70E-15	7.87E-13	1.08E-13	5.19E-14	2.34E-14	1.24E-14	7.28E-15
4.86E-15	3.89E-15	3.87E-15	4.51E-15	5.44E-15	6.11E-15	6.09E-15	5.38E-15
4.31E-15	3.20E-15	2.26E-15	1.54E-15	1.02E-15	6.71E-16	4.34E-16	2.79E-16
1.78E-16	1.12E-16	7.01E-17	4.38E-17	2.74E-17	1.72E-17	1.08E-17	6.74E-18
4.23E-18	2.65E-18	1.67E-18					
4.97E-15	4.33E-15	4.41E-13	2.07E-13	7.16E-14	3.13E-14	1.52E-14	8.38E-15
5.27E-15	3.96E-15	3.68E-15	4.02E-15	4.61E-15	5.02E-15	4.93E-15	4.32E-15
3.45E-15	2.57E-15	1.82E-15	1.24E-15	8.32E-16	5.48E-16	3.57E-16	2.31E-16
1.48E-16	9.35E-17	5.88E-17	3.69E-17	2.32E-17	1.46E-17	9.16E-18	5.77E-18
3.63E-18	2.29E-18	1.44E-18					
4.13E-15	3.69E-15	1.52E-12	3.00E-13	1.09E-13	4.14E-14	1.86E-14	9.44E-15
5.53E-15	3.87E-15	3.32E-15	3.36E-15	3.63E-15	3.82E-15	3.68E-15	3.20E-15
2.55E-15	1.91E-15	1.36E-15	9.39E-16	6.35E-16	4.23E-16	2.78E-16	1.82E-16
1.18E-16	7.51E-17	4.76E-17	3.01E-17	1.90E-17	1.21E-17	7.63E-18	4.83E-18
3.06E-18	1.94E-18	1.23E-18					
3.13E-15	2.87E-15	3.61E-12	4.65E-13	1.60E-13	5.41E-14	2.19E-14	1.01E-14
5.40E-15	3.45E-15	2.69E-15	2.49E-15	2.50E-15	2.52E-15	2.36E-15	2.04E-15
1.63E-15	1.22E-15	8.85E-16	6.21E-16	4.27E-16	2.90E-16	1.95E-16	1.30E-16
8.54E-17	5.54E-17	3.57E-17	2.29E-17	1.47E-17	9.43E-18	6.04E-18	3.87E-18
2.47E-18	1.58E-18	1.01E-18					
2.32E-15	2.13E-15	3.07E-12	8.03E-13	2.24E-13	6.98E-14	2.49E-14	1.02E-14
4.84E-15	2.74E-15	1.90E-15	1.58E-15	1.46E-15	1.39E-15	1.26E-15	1.07E-15
8.53E-16	6.45E-16	4.72E-16	3.37E-16	2.37E-16	1.65E-16	1.13E-16	7.76E-17
5.25E-17	3.51E-17	2.32E-17	1.53E-17	1.00E-17	6.59E-18	4.31E-18	2.81E-18
1.83E-18	1.19E-18	7.73E-19					
1.90E-15	1.70E-15	4.63E-12	1.24E-12	3.21E-13	9.11E-14	2.89E-14	1.04E-14
4.32E-15	2.11E-15	1.26E-15	9.17E-16	7.70E-16	6.84E-16	5.97E-16	4.95E-16
3.89E-16	2.94E-16	2.15E-16	1.55E-16	1.10E-16	7.80E-17	5.48E-17	3.83E-17
2.65E-17	1.82E-17	1.23E-17	8.36E-18	5.66E-18	3.82E-18	2.57E-18	1.73E-18
1.16E-18	7.73E-19	5.14E-19					
1.80E-15	1.58E-15	6.87E-12	1.78E-12	4.51E-13	1.21E-13	3.61E-14	1.21E-14
4.49E-15	1.89E-15	9.44E-16	5.80E-16	4.27E-16	3.47E-16	2.86E-16	2.29E-16
1.76E-16	1.31E-16	9.56E-17	6.87E-17	4.89E-17	3.46E-17	2.45E-17	1.72E-17
1.20E-17	8.33E-18	5.73E-18	3.94E-18	2.71E-18	1.87E-18	1.29E-18	8.84E-19
6.07E-19	4.16E-19	2.84E-19					
5593.1	A  24  35	/FILMEM	= #7_ls#n	1/TYPE =	RECOM	/INDM = T	/ISEL =    8
1.00E+06	2.46E+06	6.06E+06	1.49E+07	3.67E+07	9.05E+07	2.23E+08	5.48E+08
1.35E+09	3.32E+09	8.19E+09	2.02E+10	4.96E+10	1.22E+11	3.01E+11	7.41E+11
1.82E+12	4.49E+12	1.11E+13	2.72E+13	6.70E+13	1.65E+14	4.06E+14	1.00E+15
1.00E-01	1.40E-01	1.97E-01	2.76E-01	3.87E-01	5.44E-01	7.63E-01	1.07E+00
1.50E+00	2.11E+00	2.96E+00	4.15E+00	5.82E+00	8.16E+00	1.15E+01	1.61E+01
2.25E+01	3.16E+01	4.44E+01	6.22E+01	8.73E+01	1.23E+02	1.72E+02	2.41E+02
3.38E+02	4.75E+02	6.66E+02	9.35E+02	1.31E+03	1.84E+03	2.58E+03	3.62E+03
5.08E+03	7.13E+03	1.00E+04					
3.51E-18	2.99E-18	7.88E-18	6.09E-18	4.76E-18	3.74E-18	2.96E-18	2.37E-18
2.13E-18	2.94E-18	6.19E-18	1.31E-17	2.36E-17	3.72E-17	5.00E-17	5.52E-17
5.02E-17	3.93E-17	2.77E-17	1.82E-17	1.13E-17	6.87E-18	4.10E-18	2.43E-18
1.44E-18	8.45E-19	4.99E-19	2.95E-19	1.75E-19	1.05E-19	6.26E-20	3.76E-20
2.26E-20	1.36E-20	8.22E-21					
3.51E-18	2.99E-18	8.11E-18	6.21E-18	4.82E-18	3.78E-18	2.98E-18	2.38E-18
2.13E-18	2.87E-18	5.89E-18	1.24E-17	2.23E-17	3.56E-17	4.84E-17	5.37E-17
4.89E-17	3.82E-17	2.68E-17	1.76E-17	1.09E-17	6.62E-18	3.95E-18	2.34E-18
1.38E-18	8.14E-19	4.81E-19	2.85E-19	1.69E-19	1.01E-19	6.08E-20	3.66E-20
2.21E-20	1.33E-20	8.06E-21					
3.51E-18	2.99E-18	8.41E-18	6.38E-18	4.92E-18	3.83E-18	3.01E-18	2.40E-18
2.12E-18	2.80E-18	5.59E-18	1.16E-17	2.09E-17	3.34E-17	4.55E-17	5.06E-17
4.60E-17	3.59E-17	2.53E-17	1.65E-17	1.03E-17	6.24E-18	3.72E-18	2.21E-18
1.31E-18	7.70E-19	4.55E-19	2.70E-19	1.61E-19	9.63E-20	5.79E-20	3.49E-20
2.11E-20	1.28E-20	7.74E-21					
3.51E-18	2.99E-18	8.83E-18	6.60E-18	5.04E-18	3.90E-18	3.05E-18	2.42E-18
2.12E-18	2.74E-18	5.29E-18	1.08E-17	1.93E-17	3.08E-17	4.20E-17	4.66E-17
4.24E-17	3.31E-17	2.33E-17	1.52E-17	9.50E-18	5.77E-18	3.45E-18	2.05E-18
1.21E-18	7.18E-19	4.25E-19	2.53E-19	1.51E-19	9.04E-20	5.44E-20	3.29E-20
1.99E-20	1.21E-20	7.32E-21					
3.51E-18	2.99E-18	9.38E-18	6.89E-18	5.20E-18	3.98E-18	3.09E-18	2.44E-18
2.12E-18	2.67E-18	4.98E-18	1.00E-17	1.77E-17	2.81E-17	3.81E-17	4.22E-17
3.84E-17	3.00E-17	2.11E-17	1.38E-17	8.66E-18	5.27E-18	3.16E-18	1.88E-18
1.12E-18	6.62E-19	3.93E-19	2.34E-19	1.40E-19	8.40E-20	5.06E-20	3.06E-20
1.86E-20	1.13E-20	6.87E-21					
3.51E-18	2.99E-18	1.00E-17	7.24E-18	5.38E-18	4.08E-18	3.15E-18	2.47E-18
2.13E-18	2.61E-18	4.70E-18	9.24E-18	1.62E-17	2.55E-17	3.44E-17	3.81E-17
3.46E-17	2.70E-17	1.91E-17	1.25E-17	7.85E-18	4.79E-18	2.88E-18	1.72E-18
1.02E-18	6.06E-19	3.60E-19	2.15E-19	1.29E-19	7.75E-20	4.68E-20	2.84E-20
1.73E-20	1.05E-20	6.40E-21					
3.51E-18	2.99E-18	1.08E-17	7.64E-18	5.59E-18	4.20E-18	3.21E-18	2.50E-18
2.14E-18	2.56E-18	4.45E-18	8.58E-18	1.49E-17	2.33E-17	3.13E-17	3.45E-17
3.13E-17	2.44E-17	1.72E-17	1.13E-17	7.11E-18	4.34E-18	2.61E-18	1.56E-18
9.31E-19	5.53E-19	3.29E-19	1.97E-19	1.18E-19	7.12E-20	4.31E-20	2.62E-20
1.59E-20	9.70E-21	5.92E-21					
3.51E-18	2.99E-18	1.18E-17	8.16E-18	5.87E-18	4.34E-18	3.29E-18	2.55E-18
2.15E-18	2.52E-18	4.25E-18	8.01E-18	1.38E-17	2.14E-17	2.86E-17	3.14E-17
2.85E-17	2.23E-17	1.57E-17	1.03E-17	6.48E-18	3.96E-18	2.38E-18	1.42E-18
8.50E-19	5.05E-19	3.01E-19	1.80E-19	1.08E-19	6.51E-20	3.94E-20	2.39E-20
1.46E-20	8.89E-21	5.43E-21					
3.51E-18	2.99E-18	1.33E-17	8.92E-18	6.27E-18	4.55E-18	3.40E-18	2.60E-18
2.18E-18	2.49E-18	4.05E-18	7.47E-18	1.27E-17	1.96E-17	2.62E-17	2.88E-17
2.61E-17	2.04E-17	1.44E-17	9.48E-18	5.95E-18	3.64E-18	2.19E-18	1.31E-18
7.81E-19	4.64E-19	2.76E-19	1.65E-19	9.89E-20	5.96E-20	3.61E-20	2.19E-20
1.33E-20	8.12E-21	4.96E-21					
3.51E-18	2.99E-18	1.56E-17	1.00E-17	6.83E-18	4.85E-18	3.56E-18	2.69E-18
2.22E-18	2.46E-18	3.85E-18	6.92E-18	1.16E-17	1.78E-17	2.37E-17	2.60E-17
2.36E-17	1.85E-17	1.31E-17	8.64E-18	5.44E-18	3.33E-18	2.01E-18	1.20E-18
7.19E-19	4.28E-19	2.55E-19	1.52E-19	9.14E-20	5.51E-20	3.33E-20	2.02E-20
1.23E-20	7.51E-21	4.59E-21					
3.51E-18	2.99E-18	1.89E-17	1.16E-17	7.60E-18	5.24E-18	3.76E-18	2.79E-18
2.26E-18	2.43E-18	3.66E-18	6.38E-18	1.05E-17	1.60E-17	2.12E-17	2.33E-17
2.12E-17	1.66E-17	1.18E-17	7.78E-18	4.91E-18	3.02E-18	1.82E-18	1.10E-18
6.57E-19	3.91E-19	2.34E-19	1.40E-19	8.41E-20	5.08E-20	3.08E-20	1.88E-20
1.14E-20	6.99E-21	4.27E-21					
3.50E-18	2.98E-18	2.37E-17	1.37E-17	8.62E-18	5.75E-18	4.02E-18	2.92E-18
2.33E-18	2.42E-18	3.49E-18	5.87E-18	9.51E-18	1.43E-17	1.89E-17	2.06E-17
1.87E-17	1.47E-17	1.04E-17	6.92E-18	4.38E-18	2.69E-18	1.64E-18	9.85E-19
5.92E-19	3.54E-19	2.12E-19	1.27E-19	7.67E-20	4.64E-20	2.82E-20	1.72E-20
1.05E-20	6.45E-21	3.96E-21					
3.49E-18	2.98E-18	3.08E-17	1.67E-17	1.00E-17	6.41E-18	4.34E-18	3.09E-18
2.40E-18	2.41E-18	3.33E-18	5.40E-18	8.57E-18	1.27E-17	1.67E-17	1.82E-17
1.65E-17	1.29E-17	9.19E-18	6.09E-18	3.86E-18	2.38E-18	1.45E-18	8.76E-19
5.27E-19	3.16E-19	1.90E-19	1.14E-19	6.90E-20	4.19E-20	2.55E-20	1.56E-20
9.57E-21	5.87E-21	3.61E-21					
3.47E-18	2.96E-18	4.16E-17	2.11E-17	1.19E-17	7.29E-18	4.77E-18	3.29E-18
2.50E-18	2.41E-18	3.18E-18	4.95E-18	7.68E-18	1.13E-17	1.46E-17	1.59E-17
1.44E-17	1.13E-17	8.02E-18	5.33E-18	3.38E-18	2.09E-18	1.28E-18	7.73E-19
4.66E-19	2.80E-19	1.68E-19	1.02E-19	6.15E-20	3.74E-20	2.28E-20	1.40E-20
8.60E-21	5.29E-21	3.26E-21					
3.41E-18	2.91E-18	5.91E-17	2.77E-17	1.47E-17	8.50E-18	5.32E-18	3.54E-18
2.60E-18	2.40E-18	3.00E-18	4.47E-18	6.77E-18	9.78E-18	1.26E-17	1.36E-17
1.23E-17	9.65E-18	6.88E-18	4.58E-18	2.92E-18	1.81E-18	1.11E-18	6.75E-19
4.09E-19	2.46E-19	1.48E-19	8.97E-20	5.44E-20	3.32E-20	2.03E-20	1.25E-20
7.68E-21	4.73E-21	2.92E-21					
3.28E-18	2.81E-18	8.87E-17	3.82E-17	1.87E-17	1.01E-17	5.97E-18	3.80E-18
2.68E-18	2.35E-18	2.78E-18	3.93E-18	5.77E-18	8.19E-18	1.05E-17	1.13E-17
1.02E-17	7.98E-18	5.71E-18	3.82E-18	2.45E-18	1.53E-18	9.42E-19	5.76E-19
3.50E-19	2.12E-19	1.28E-19	7.80E-20	4.76E-20	2.91E-20	1.79E-20	1.10E-20
6.82E-21	4.22E-21	2.61E-21					
3.02E-18	2.60E-18	1.39E-16	5.41E-17	2.41E-17	1.20E-17	6.57E-18	3.95E-18
2.66E-18	2.20E-18	2.43E-18	3.26E-18	4.64E-18	6.45E-18	8.15E-18	8.74E-18
7.90E-18	6.23E-18	4.48E-18	3.02E-18	1.95E-18	1.23E-18	7.65E-19	4.72E-19
2.90E-19	1.77E-19	1.08E-19	6.59E-20	4.04E-20	2.49E-20	1.54E-20	9.55E-21
5.93E-21	3.69E-21	2.30E-21					
2.57E-18	2.24E-18	2.20E-16	7.65E-17	3.04E-17	1.36E-17	6.88E-18	3.85E-18
2.44E-18	1.89E-18	1.95E-18	2.45E-18	3.36E-18	4.58E-18	5.72E-18	6.11E-18
5.54E-18	4.41E-18	3.20E-18	2.19E-18	1.43E-18	9.16E-19	5.77E-19	3.61E-19
2.25E-19	1.39E-19	8.55E-20	5.29E-20	3.28E-20	2.04E-20	1.27E-20	7.96E-21
4.98E-21	3.12E-21	1.96E-21					
2.00E-18	1.75E-18	3.44E-16	1.06E-16	3.75E-17	1.50E-17	6.82E-18	3.50E-18
2.05E-18	1.47E-18	1.39E-18	1.64E-18	2.14E-18	2.83E-18	3.47E-18	3.69E-18
3.35E-18	2.69E-18	1.98E-18	1.38E-18	9.20E-19	6.00E-19	3.86E-19	2.47E-19
1.56E-19	9.85E-20	6.19E-20	3.89E-20	2.45E-20	1.55E-20	9.82E-21	6.22E-21
3.95E-21	2.50E-21	1.59E-21					
1.47E-18	1.29E-18	5.47E-16	1.52E-16	4.76E-17	1.69E-17	6.89E-18	3.21E-18
1.71E-18	1.11E-18	9.46E-19	1.03E-18	1.26E-18	1.59E-18	1.88E-18	1.96E-18
1.77E-18	1.43E-18	1.06E-18	7.47E-19	5.08E-19	3.38E-19	2.22E-19	1.45E-19
9.42E-20	6.07E-20	3.90E-20	2.51E-20	1.62E-20	1.05E-20	6.76E-21	4.37E-21
2.83E-21	1.83E-21	1.18E-21					
1.10E-18	9.60E-19	9.11E-16	2.36E-16	6.77E-17	2.19E-17	8.06E-18	3.39E-18
1.64E-18	9.49E-19	7.10E-19	6.88E-19	7.77E-19	9.13E-19	1.02E-18	1.02E-18
9.01E-19	7.18E-19	5.34E-19	3.77E-19	2.58E-19	1.73E-19	1.15E-19	7.65E-20
5.04E-20	3.30E-20	2.16E-20	1.41E-20	9.29E-21	6.13E-21	4.04E-21	2.67E-21
1.77E-21	1.17E-21	7.70E-22					
8.84E-19	7.66E-19	1.53E-15	3.90E-16	1.08E-16	3.32E-17	1.14E-17	4.43E-18
1.96E-18	1.02E-18	6.57E-19	5.50E-19	5.53E-19	5.92E-19	6.12E-19	5.79E-19
4.93E-19	3.84E-19	2.82E-19	1.98E-19	1.35E-19	9.08E-20	6.05E-20	4.02E-20
2.66E-20	1.74E-20	1.14E-20	7.54E-21	4.99E-21	3.32E-21	2.21E-21	1.48E-21
9.90E-22	6.63E-22	4.44E-22					
7.75E-19	6.66E-19	2.36E-15	6.19E-16	1.76E-16	5.39E-17	1.79E-17	6.60E-18
2.74E-18	1.30E-18	7.38E-19	5.21E-19	4.49E-19	4.27E-19	4.03E-19	3.57E-19
2.92E-19	2.22E-19	1.60E-19	1.11E-19	7.56E-20	5.07E-20	3.37E-20	2.24E-20
1.48E-20	9.68E-21	6.34E-21	4.17E-21	2.76E-21	1.83E-21	1.22E-21	8.17E-22
5.48E-22	3.68E-22	2.48E-22					
7.24E-19	6.19E-19	3.13E-15	8.60E-16	2.54E-16	7.98E-17	2.65E-17	9.61E-18
3.88E-18	1.76E-18	9.02E-19	5.45E-19	3.94E-19	3.24E-19	2.75E-19	2.26E-19
1.76E-19	1.30E-19	9.24E-20	6.37E-20	4.31E-20	2.89E-20	1.93E-20	1.28E-20
8.48E-21	5.57E-21	3.65E-21	2.41E-21	1.60E-21	1.06E-21	7.07E-22	4.73E-22
3.17E-22	2.13E-22	1.44E-22					
5547.3	A  24  35	/FILMEM	= #7_ls#n	1/TYPE =	RECOM	/INDM = T	/ISEL =    9
1.00E+06	2.46E+06	6.06E+06	1.49E+07	3.67E+07	9.05E+07	2.23E+08	5.48E+08
1.35E+09	3.32E+09	8.19E+09	2.02E+10	4.96E+10	1.22E+11	3.01E+11	7.41E+11
1.82E+12	4.49E+12	1.11E+13	2.72E+13	6.70E+13	1.65E+14	4.06E+14	1.00E+15
1.00E-01	1.40E-01	1.97E-01	2.76E-01	3.87E-01	5.44E-01	7.63E-01	1.07E+00
1.50E+00	2.11E+00	2.96E+00	4.15E+00	5.82E+00	8.16E+00	1.15E+01	1.61E+01
2.25E+01	3.16E+01	4.44E+01	6.22E+01	8.73E+01	1.23E+02	1.72E+02	2.41E+02
3.38E+02	4.75E+02	6.66E+02	9.35E+02	1.31E+03	1.84E+03	2.58E+03	3.62E+03
5.08E+03	7.13E+03	1.00E+04					
4.79E-19	4.05E-19	9.13E-19	7.10E-19	5.58E-19	4.42E-19	3.50E-19	2.78E-19
2.46E-19	3.28E-19	6.73E-19	1.39E-18	2.29E-18	3.10E-18	3.52E-18	3.43E-18
2.93E-18	2.25E-18	1.60E-18	1.07E-18	6.94E-19	4.37E-19	2.71E-19	1.66E-19
1.01E-19	6.13E-20	3.71E-20	2.24E-20	1.36E-20	8.23E-21	5.00E-21	3.04E-21
1.85E-21	1.13E-21	6.85E-22					
4.79E-19	4.05E-19	9.38E-19	7.23E-19	5.66E-19	4.46E-19	3.52E-19	2.79E-19
2.45E-19	3.21E-19	6.41E-19	1.31E-18	2.18E-18	2.98E-18	3.44E-18	3.42E-18
2.95E-18	2.28E-18	1.62E-18	1.09E-18	6.99E-19	4.38E-19	2.70E-19	1.65E-19
1.00E-19	6.03E-20	3.63E-20	2.19E-20	1.32E-20	8.01E-21	4.85E-21	2.95E-21
1.79E-21	1.09E-21	6.64E-22					
4.79E-19	4.05E-19	9.71E-19	7.41E-19	5.75E-19	4.51E-19	3.55E-19	2.81E-19
2.45E-19	3.14E-19	6.10E-19	1.23E-18	2.07E-18	2.90E-18	3.45E-18	3.51E-18
3.08E-18	2.40E-18	1.71E-18	1.14E-18	7.30E-19	4.54E-19	2.78E-19	1.68E-19
1.01E-19	6.07E-20	3.63E-20	2.18E-20	1.31E-20	7.89E-21	4.77E-21	2.89E-21
1.75E-21	1.06E-21	6.46E-22					
4.79E-19	4.05E-19	1.01E-18	7.65E-19	5.88E-19	4.58E-19	3.59E-19	2.83E-19
2.45E-19	3.07E-19	5.78E-19	1.16E-18	1.97E-18	2.86E-18	3.55E-18	3.72E-18
3.32E-18	2.60E-18	1.85E-18	1.23E-18	7.84E-19	4.84E-19	2.93E-19	1.76E-19
1.05E-19	6.26E-20	3.72E-20	2.22E-20	1.32E-20	7.94E-21	4.77E-21	2.88E-21
1.74E-21	1.05E-21	6.38E-22					
4.79E-19	4.05E-19	1.07E-18	7.96E-19	6.05E-19	4.67E-19	3.64E-19	2.86E-19
2.45E-19	2.99E-19	5.46E-19	1.08E-18	1.88E-18	2.85E-18	3.67E-18	3.93E-18
3.54E-18	2.78E-18	1.98E-18	1.31E-18	8.29E-19	5.08E-19	3.06E-19	1.83E-19
1.09E-19	6.45E-20	3.82E-20	2.26E-20	1.35E-20	8.07E-21	4.84E-21	2.91E-21
1.76E-21	1.06E-21	6.41E-22					
4.79E-19	4.05E-19	1.15E-18	8.33E-19	6.25E-19	4.78E-19	3.70E-19	2.89E-19
2.46E-19	2.93E-19	5.16E-19	1.01E-18	1.79E-18	2.79E-18	3.67E-18	3.98E-18
3.60E-18	2.82E-18	2.00E-18	1.32E-18	8.32E-19	5.08E-19	3.06E-19	1.82E-19
1.08E-19	6.41E-20	3.80E-20	2.25E-20	1.34E-20	8.05E-21	4.83E-21	2.91E-21
1.76E-21	1.06E-21	6.44E-22					
4.79E-19	4.05E-19	1.23E-18	8.76E-19	6.48E-19	4.90E-19	3.76E-19	2.92E-19
2.47E-19	2.88E-19	4.90E-19	9.47E-19	1.68E-18	2.66E-18	3.54E-18	3.85E-18
3.47E-18	2.71E-18	1.92E-18	1.26E-18	7.95E-19	4.85E-19	2.92E-19	1.74E-19
1.03E-19	6.12E-20	3.63E-20	2.16E-20	1.29E-20	7.75E-21	4.67E-21	2.83E-21
1.71E-21	1.04E-21	6.32E-22					
4.79E-19	4.05E-19	1.33E-18	9.31E-19	6.77E-19	5.06E-19	3.85E-19	2.97E-19
2.48E-19	2.83E-19	4.68E-19	8.88E-19	1.57E-18	2.50E-18	3.33E-18	3.62E-18
3.26E-18	2.54E-18	1.79E-18	1.18E-18	7.42E-19	4.53E-19	2.72E-19	1.62E-19
9.64E-20	5.71E-20	3.38E-20	2.02E-20	1.21E-20	7.25E-21	4.38E-21	2.65E-21
1.61E-21	9.81E-22	5.98E-22					
4.79E-19	4.05E-19	1.49E-18	1.01E-18	7.20E-19	5.29E-19	3.97E-19	3.03E-19
2.51E-19	2.80E-19	4.47E-19	8.31E-19	1.46E-18	2.31E-18	3.09E-18	3.36E-18
3.02E-18	2.35E-18	1.66E-18	1.10E-18	6.88E-19	4.20E-19	2.52E-19	1.50E-19
8.94E-20	5.29E-20	3.13E-20	1.87E-20	1.12E-20	6.71E-21	4.05E-21	2.46E-21
1.49E-21	9.08E-22	5.54E-22					
4.79E-19	4.05E-19	1.74E-18	1.13E-18	7.80E-19	5.60E-19	4.13E-19	3.12E-19
2.55E-19	2.77E-19	4.26E-19	7.71E-19	1.34E-18	2.11E-18	2.81E-18	3.05E-18
2.75E-18	2.15E-18	1.52E-18	1.00E-18	6.31E-19	3.86E-19	2.32E-19	1.39E-19
8.26E-20	4.89E-20	2.90E-20	1.73E-20	1.03E-20	6.22E-21	3.76E-21	2.28E-21
1.39E-21	8.45E-22	5.15E-22					
4.79E-19	4.05E-19	2.09E-18	1.30E-18	8.62E-19	6.02E-19	4.35E-19	3.23E-19
2.60E-19	2.74E-19	4.06E-19	7.12E-19	1.22E-18	1.90E-18	2.53E-18	2.74E-18
2.46E-18	1.93E-18	1.37E-18	9.04E-19	5.70E-19	3.50E-19	2.11E-19	1.26E-19
7.54E-20	4.48E-20	2.66E-20	1.59E-20	9.53E-21	5.74E-21	3.48E-21	2.11E-21
1.29E-21	7.86E-22	4.81E-22					
4.78E-19	4.05E-19	2.60E-18	1.53E-18	9.72E-19	6.56E-19	4.63E-19	3.37E-19
2.67E-19	2.73E-19	3.87E-19	6.57E-19	1.10E-18	1.71E-18	2.25E-18	2.43E-18
2.18E-18	1.71E-18	1.21E-18	8.03E-19	5.08E-19	3.12E-19	1.89E-19	1.13E-19
6.79E-20	4.04E-20	2.41E-20	1.44E-20	8.68E-21	5.24E-21	3.18E-21	1.94E-21
1.19E-21	7.26E-22	4.45E-22					
4.77E-19	4.04E-19	3.37E-18	1.85E-18	1.12E-18	7.28E-19	4.98E-19	3.55E-19
2.75E-19	2.73E-19	3.71E-19	6.06E-19	9.96E-19	1.52E-18	1.99E-18	2.14E-18
1.92E-18	1.50E-18	1.07E-18	7.08E-19	4.48E-19	2.76E-19	1.67E-19	1.01E-19
6.04E-20	3.61E-20	2.15E-20	1.29E-20	7.80E-21	4.72E-21	2.88E-21	1.76E-21
1.08E-21	6.60E-22	4.06E-22					
4.75E-19	4.02E-19	4.54E-18	2.32E-18	1.33E-18	8.24E-19	5.45E-19	3.78E-19
2.86E-19	2.73E-19	3.55E-19	5.57E-19	8.96E-19	1.35E-18	1.75E-18	1.88E-18
1.68E-18	1.31E-18	9.31E-19	6.19E-19	3.93E-19	2.42E-19	1.47E-19	8.88E-20
5.34E-20	3.19E-20	1.91E-20	1.15E-20	6.94E-21	4.21E-21	2.57E-21	1.57E-21
9.65E-22	5.93E-22	3.65E-22					
4.69E-19	3.98E-19	6.45E-18	3.05E-18	1.63E-18	9.58E-19	6.06E-19	4.06E-19
2.98E-19	2.73E-19	3.38E-19	5.08E-19	7.96E-19	1.18E-18	1.52E-18	1.61E-18
1.44E-18	1.13E-18	8.01E-19	5.33E-19	3.39E-19	2.10E-19	1.28E-19	7.76E-20
4.68E-20	2.80E-20	1.68E-20	1.01E-20	6.14E-21	3.74E-21	2.28E-21	1.40E-21
8.62E-22	5.31E-22	3.27E-22					
4.55E-19	3.88E-19	9.81E-18	4.23E-18	2.09E-18	1.14E-18	6.83E-19	4.38E-19
3.10E-19	2.71E-19	3.17E-19	4.54E-19	6.90E-19	1.00E-18	1.28E-18	1.35E-18
1.20E-18	9.41E-19	6.71E-19	4.48E-19	2.86E-19	1.78E-19	1.09E-19	6.64E-20
4.03E-20	2.42E-20	1.46E-20	8.84E-21	5.37E-21	3.28E-21	2.01E-21	1.24E-21
7.65E-22	4.73E-22	2.93E-22					
4.27E-19	3.66E-19	1.59E-17	6.15E-18	2.74E-18	1.37E-18	7.65E-19	4.65E-19
3.14E-19	2.60E-19	2.86E-19	3.88E-19	5.72E-19	8.15E-19	1.02E-18	1.08E-18
9.62E-19	7.53E-19	5.39E-19	3.62E-19	2.33E-19	1.46E-19	9.01E-20	5.52E-20
3.37E-20	2.04E-20	1.24E-20	7.53E-21	4.60E-21	2.82E-21	1.74E-21	1.08E-21
6.68E-22	4.15E-22	2.58E-22					
3.75E-19	3.25E-19	2.66E-17	9.13E-18	3.61E-18	1.63E-18	8.29E-19	4.69E-19
2.99E-19	2.32E-19	2.40E-19	3.07E-19	4.36E-19	6.09E-19	7.58E-19	7.97E-19
7.11E-19	5.60E-19	4.04E-19	2.74E-19	1.78E-19	1.13E-19	7.04E-20	4.36E-20
2.69E-20	1.65E-20	1.01E-20	6.18E-21	3.80E-21	2.35E-21	1.46E-21	9.10E-22
5.68E-22	3.55E-22	2.22E-22					
3.04E-19	2.67E-19	4.55E-17	1.37E-17	4.74E-18	1.89E-18	8.63E-19	4.47E-19
2.64E-19	1.90E-19	1.81E-19	2.17E-19	2.95E-19	4.02E-19	4.94E-19	5.17E-19
4.64E-19	3.68E-19	2.69E-19	1.85E-19	1.22E-19	7.90E-20	5.02E-20	3.16E-20
1.98E-20	1.23E-20	7.65E-21	4.76E-21	2.97E-21	1.86E-21	1.17E-21	7.35E-22
4.64E-22	2.92E-22	1.84E-22					
2.34E-19	2.07E-19	7.98E-17	2.14E-17	6.48E-18	2.26E-18	9.20E-19	4.29E-19
2.31E-19	1.50E-19	1.29E-19	1.42E-19	1.82E-19	2.37E-19	2.84E-19	2.94E-19
2.63E-19	2.10E-19	1.56E-19	1.09E-19	7.32E-20	4.81E-20	3.12E-20	2.01E-20
1.29E-20	8.19E-21	5.19E-21	3.30E-21	2.10E-21	1.34E-21	8.58E-22	5.49E-22
3.52E-22	2.25E-22	1.44E-22					
1.81E-19	1.61E-19	1.44E-16	3.57E-17	9.78E-18	3.08E-18	1.13E-18	4.76E-19
2.31E-19	1.34E-19	1.00E-19	9.81E-20	1.14E-19	1.39E-19	1.58E-19	1.59E-19
1.40E-19	1.11E-19	8.24E-20	5.80E-20	3.94E-20	2.63E-20	1.73E-20	1.13E-20
7.40E-21	4.79E-21	3.09E-21	2.01E-21	1.31E-21	8.52E-22	5.57E-22	3.64E-22
2.38E-22	1.56E-22	1.02E-22					
1.48E-19	1.31E-19	2.50E-16	6.06E-17	1.60E-17	4.78E-18	1.64E-18	6.42E-19
2.86E-19	1.49E-19	9.60E-20	8.05E-20	8.24E-20	9.06E-20	9.54E-20	9.08E-20
7.76E-20	6.06E-20	4.44E-20	3.11E-20	2.12E-20	1.42E-20	9.37E-21	6.18E-21
4.05E-21	2.64E-21	1.72E-21	1.13E-21	7.42E-22	4.90E-22	3.25E-22	2.16E-22
1.44E-22	9.56E-23	6.36E-23					
1.30E-19	1.15E-19	3.87E-16	9.54E-17	2.54E-17	7.62E-18	2.56E-18	9.62E-19
4.07E-19	1.96E-19	1.11E-19	7.87E-20	6.82E-20	6.58E-20	6.28E-20	5.60E-20
4.58E-20	3.49E-20	2.52E-20	1.75E-20	1.19E-20	7.95E-21	5.27E-21	3.48E-21
2.29E-21	1.49E-21	9.73E-22	6.39E-22	4.21E-22	2.79E-22	1.85E-22	1.24E-22
8.29E-23	5.56E-23	3.73E-23					
1.22E-19	1.07E-19	5.12E-16	1.30E-16	3.57E-17	1.10E-17	3.73E-18	1.39E-18
5.79E-19	2.68E-19	1.39E-19	8.46E-20	6.15E-20	5.07E-20	4.31E-20	3.56E-20
2.77E-20	2.05E-20	1.45E-20	1.00E-20	6.76E-21	4.52E-21	3.00E-21	1.99E-21
1.31E-21	8.60E-22	5.63E-22	3.71E-22	2.45E-22	1.63E-22	1.08E-22	7.26E-23
4.87E-23	3.27E-23	2.21E-23					
5649.8	A  24  35	/FILMEM	= #7_ls#n	1/TYPE =	RECOM	/INDM = T	/ISEL =   10
1.00E+06	2.46E+06	6.06E+06	1.49E+07	3.67E+07	9.05E+07	2.23E+08	5.48E+08
1.35E+09	3.32E+09	8.19E+09	2.02E+10	4.96E+10	1.22E+11	3.01E+11	7.41E+11
1.82E+12	4.49E+12	1.11E+13	2.72E+13	6.70E+13	1.65E+14	4.06E+14	1.00E+15
1.00E-01	1.40E-01	1.97E-01	2.76E-01	3.87E-01	5.44E-01	7.63E-01	1.07E+00
1.50E+00	2.11E+00	2.96E+00	4.15E+00	5.82E+00	8.16E+00	1.15E+01	1.61E+01
2.25E+01	3.16E+01	4.44E+01	6.22E+01	8.73E+01	1.23E+02	1.72E+02	2.41E+02
3.38E+02	4.75E+02	6.66E+02	9.35E+02	1.31E+03	1.84E+03	2.58E+03	3.62E+03
5.08E+03	7.13E+03	1.00E+04					
1.78E-18	1.48E-18	2.53E-18	2.65E-18	1.91E-18	1.51E-18	1.16E-18	9.04E-19
7.82E-19	1.05E-18	2.19E-18	4.58E-18	7.57E-18	9.91E-18	1.06E-17	9.77E-18
7.97E-18	5.95E-18	4.18E-18	2.81E-18	1.83E-18	1.17E-18	7.38E-19	4.60E-19
2.85E-19	1.75E-19	1.07E-19	6.52E-20	3.97E-20	2.42E-20	1.48E-20	9.01E-21
5.50E-21	3.35E-21	2.05E-21					
1.78E-18	1.48E-18	4.82E-18	2.43E-18	2.00E-18	1.52E-18	1.17E-18	9.08E-19
7.80E-19	1.03E-18	2.09E-18	4.33E-18	7.12E-18	9.32E-18	1.00E-17	9.20E-18
7.51E-18	5.61E-18	3.94E-18	2.65E-18	1.73E-18	1.11E-18	6.96E-19	4.34E-19
2.69E-19	1.65E-19	1.01E-19	6.17E-20	3.76E-20	2.30E-20	1.40E-20	8.55E-21
5.22E-21	3.19E-21	1.95E-21					
1.78E-18	1.48E-18	2.88E-17	2.28E-18	2.11E-18	1.53E-18	1.19E-18	9.13E-19
7.79E-19	1.01E-18	1.99E-18	4.07E-18	6.66E-18	8.71E-18	9.35E-18	8.60E-18
7.02E-18	5.25E-18	3.69E-18	2.48E-18	1.62E-18	1.04E-18	6.54E-19	4.08E-19
2.53E-19	1.56E-19	9.52E-20	5.82E-20	3.55E-20	2.17E-20	1.32E-20	8.08E-21
4.93E-21	3.01E-21	1.84E-21					
1.78E-18	1.48E-18	6.28E-17	2.29E-18	2.18E-18	1.56E-18	1.20E-18	9.21E-19
7.80E-19	9.84E-19	1.89E-18	3.80E-18	6.18E-18	8.06E-18	8.66E-18	7.97E-18
6.51E-18	4.87E-18	3.43E-18	2.31E-18	1.51E-18	9.68E-19	6.11E-19	3.82E-19
2.37E-19	1.46E-19	8.92E-20	5.45E-20	3.33E-20	2.04E-20	1.24E-20	7.60E-21
4.64E-21	2.84E-21	1.73E-21					
1.78E-18	1.48E-18	1.62E-17	2.54E-18	2.19E-18	1.59E-18	1.22E-18	9.30E-19
7.82E-19	9.62E-19	1.78E-18	3.52E-18	5.69E-18	7.40E-18	7.94E-18	7.31E-18
5.97E-18	4.48E-18	3.16E-18	2.13E-18	1.39E-18	8.95E-19	5.65E-19	3.54E-19
2.20E-19	1.35E-19	8.30E-20	5.08E-20	3.11E-20	1.90E-20	1.16E-20	7.11E-21
4.35E-21	2.66E-21	1.63E-21					
1.78E-18	1.48E-18	4.02E-18	2.99E-18	2.18E-18	1.64E-18	1.24E-18	9.42E-19
7.85E-19	9.42E-19	1.69E-18	3.26E-18	5.23E-18	6.77E-18	7.25E-18	6.67E-18
5.45E-18	4.09E-18	2.89E-18	1.95E-18	1.28E-18	8.21E-19	5.19E-19	3.26E-19
2.03E-19	1.25E-19	7.67E-20	4.70E-20	2.88E-20	1.76E-20	1.08E-20	6.61E-21
4.05E-21	2.48E-21	1.52E-21					
1.78E-18	1.48E-18	3.17E-18	3.38E-18	2.22E-18	1.69E-18	1.26E-18	9.55E-19
7.90E-19	9.26E-19	1.61E-18	3.04E-18	4.82E-18	6.21E-18	6.63E-18	6.09E-18
4.97E-18	3.73E-18	2.63E-18	1.78E-18	1.16E-18	7.48E-19	4.74E-19	2.97E-19
1.85E-19	1.14E-19	7.02E-20	4.31E-20	2.64E-20	1.62E-20	9.93E-21	6.09E-21
3.74E-21	2.29E-21	1.41E-21					
1.78E-18	1.48E-18	5.20E-18	3.25E-18	2.39E-18	1.74E-18	1.29E-18	9.72E-19
7.96E-19	9.13E-19	1.53E-18	2.84E-18	4.46E-18	5.73E-18	6.10E-18	5.59E-18
4.56E-18	3.42E-18	2.41E-18	1.62E-18	1.06E-18	6.83E-19	4.32E-19	2.71E-19
1.69E-19	1.04E-19	6.40E-20	3.93E-20	2.41E-20	1.48E-20	9.06E-21	5.56E-21
3.41E-21	2.09E-21	1.29E-21					
1.78E-18	1.48E-18	7.40E-17	3.02E-18	2.70E-18	1.81E-18	1.34E-18	9.95E-19
8.06E-19	9.03E-19	1.47E-18	2.66E-18	4.13E-18	5.27E-18	5.60E-18	5.13E-18
4.18E-18	3.14E-18	2.21E-18	1.49E-18	9.78E-19	6.28E-19	3.97E-19	2.49E-19
1.55E-19	9.54E-20	5.86E-20	3.59E-20	2.20E-20	1.35E-20	8.25E-21	5.06E-21
3.10E-21	1.90E-21	1.17E-21					
1.78E-18	1.48E-18	1.89E-16	3.24E-18	2.99E-18	1.92E-18	1.40E-18	1.03E-18
8.21E-19	8.94E-19	1.40E-18	2.47E-18	3.79E-18	4.81E-18	5.09E-18	4.66E-18
3.80E-18	2.85E-18	2.01E-18	1.36E-18	8.94E-19	5.75E-19	3.64E-19	2.28E-19
1.42E-19	8.77E-20	5.38E-20	3.30E-20	2.02E-20	1.24E-20	7.58E-21	4.65E-21
2.85E-21	1.75E-21	1.07E-21					
1.78E-18	1.48E-18	1.12E-17	4.43E-18	3.10E-18	2.09E-18	1.48E-18	1.07E-18
8.41E-19	8.88E-19	1.33E-18	2.28E-18	3.45E-18	4.34E-18	4.58E-18	4.19E-18
3.42E-18	2.57E-18	1.81E-18	1.23E-18	8.08E-19	5.20E-19	3.30E-19	2.08E-19
1.29E-19	8.00E-20	4.92E-20	3.02E-20	1.85E-20	1.14E-20	6.96E-21	4.27E-21
2.62E-21	1.61E-21	9.89E-22					
1.78E-18	1.48E-18	6.31E-18	6.04E-18	3.37E-18	2.30E-18	1.58E-18	1.12E-18
8.68E-19	8.86E-19	1.27E-18	2.11E-18	3.13E-18	3.90E-18	4.10E-18	3.73E-18
3.04E-18	2.28E-18	1.62E-18	1.10E-18	7.21E-19	4.65E-19	2.96E-19	1.86E-19
1.16E-19	7.20E-20	4.43E-20	2.73E-20	1.68E-20	1.03E-20	6.33E-21	3.89E-21
2.40E-21	1.47E-21	9.07E-22					
1.78E-18	1.48E-18	8.66E-18	7.18E-18	3.93E-18	2.56E-18	1.71E-18	1.19E-18
9.01E-19	8.88E-19	1.22E-18	1.95E-18	2.84E-18	3.50E-18	3.66E-18	3.32E-18
2.70E-18	2.02E-18	1.43E-18	9.70E-19	6.39E-19	4.12E-19	2.62E-19	1.65E-19
1.04E-19	6.41E-20	3.95E-20	2.43E-20	1.50E-20	9.22E-21	5.68E-21	3.50E-21
2.15E-21	1.33E-21	8.18E-22					
1.77E-18	1.48E-18	1.14E-17	9.08E-18	4.67E-18	2.92E-18	1.89E-18	1.28E-18
9.46E-19	8.97E-19	1.18E-18	1.81E-18	2.58E-18	3.14E-18	3.25E-18	2.94E-18
2.39E-18	1.79E-18	1.26E-18	8.56E-19	5.64E-19	3.64E-19	2.32E-19	1.46E-19
9.16E-20	5.67E-20	3.50E-20	2.16E-20	1.33E-20	8.18E-21	5.04E-21	3.11E-21
1.92E-21	1.18E-21	7.28E-22					
1.77E-18	1.47E-18	5.45E-17	1.00E-17	6.08E-18	3.42E-18	2.14E-18	1.40E-18
1.01E-18	9.14E-19	1.14E-18	1.67E-18	2.32E-18	2.80E-18	2.87E-18	2.58E-18
2.09E-18	1.56E-18	1.11E-18	7.50E-19	4.94E-19	3.20E-19	2.04E-19	1.29E-19
8.06E-20	5.00E-20	3.09E-20	1.90E-20	1.17E-20	7.23E-21	4.46E-21	2.75E-21
1.70E-21	1.05E-21	6.46E-22					
1.75E-18	1.46E-18	3.87E-17	1.52E-17	7.69E-18	4.19E-18	2.48E-18	1.57E-18
1.09E-18	9.40E-19	1.11E-18	1.54E-18	2.09E-18	2.47E-18	2.51E-18	2.24E-18
1.81E-18	1.35E-18	9.56E-19	6.49E-19	4.28E-19	2.77E-19	1.77E-19	1.12E-19
7.02E-20	4.36E-20	2.70E-20	1.66E-20	1.03E-20	6.34E-21	3.91E-21	2.42E-21
1.50E-21	9.24E-22	5.72E-22					
1.70E-18	1.43E-18	4.72E-17	2.36E-17	1.03E-17	5.29E-18	2.95E-18	1.78E-18
1.19E-18	9.76E-19	1.08E-18	1.42E-18	1.86E-18	2.16E-18	2.18E-18	1.94E-18
1.56E-18	1.16E-18	8.18E-19	5.55E-19	3.66E-19	2.37E-19	1.52E-19	9.61E-20
6.04E-20	3.76E-20	2.32E-20	1.44E-20	8.88E-21	5.49E-21	3.40E-21	2.10E-21
1.30E-21	8.07E-22	5.00E-22					
1.61E-18	1.36E-18	2.03E-16	3.17E-17	1.49E-17	6.80E-18	3.59E-18	2.06E-18
1.31E-18	1.02E-18	1.06E-18	1.31E-18	1.66E-18	1.89E-18	1.88E-18	1.66E-18
1.33E-18	9.88E-19	6.96E-19	4.72E-19	3.12E-19	2.02E-19	1.29E-19	8.18E-20
5.14E-20	3.20E-20	1.98E-20	1.23E-20	7.59E-21	4.70E-21	2.91E-21	1.80E-21
1.12E-21	6.94E-22	4.31E-22					
1.43E-18	1.23E-18	1.26E-16	5.68E-17	2.02E-17	8.93E-18	4.38E-18	2.39E-18
1.46E-18	1.07E-18	1.03E-18	1.21E-18	1.46E-18	1.63E-18	1.60E-18	1.41E-18
1.12E-18	8.35E-19	5.88E-19	3.99E-19	2.63E-19	1.70E-19	1.09E-19	6.92E-20
4.36E-20	2.71E-20	1.68E-20	1.04E-20	6.43E-21	3.98E-21	2.47E-21	1.53E-21
9.51E-22	5.91E-22	3.67E-22					
1.17E-18	1.02E-18	3.81E-16	7.86E-17	2.91E-17	1.15E-17	5.31E-18	2.74E-18
1.59E-18	1.11E-18	9.92E-19	1.08E-18	1.25E-18	1.36E-18	1.33E-18	1.16E-18
9.28E-19	6.90E-19	4.87E-19	3.31E-19	2.19E-19	1.42E-19	9.12E-20	5.80E-20
3.66E-20	2.28E-20	1.41E-20	8.75E-21	5.42E-21	3.36E-21	2.09E-21	1.30E-21
8.05E-22	5.01E-22	3.12E-22					
8.68E-19	7.64E-19	8.52E-16	1.12E-16	4.04E-17	1.45E-17	6.25E-18	3.03E-18
1.67E-18	1.09E-18	9.02E-19	9.09E-19	9.90E-19	1.05E-18	1.01E-18	8.81E-19
7.05E-19	5.27E-19	3.75E-19	2.57E-19	1.72E-19	1.13E-19	7.30E-20	4.69E-20
2.98E-20	1.87E-20	1.17E-20	7.27E-21	4.52E-21	2.81E-21	1.75E-21	1.09E-21
6.78E-22	4.22E-22	2.63E-22					
6.33E-19	5.48E-19	6.69E-16	1.79E-16	5.30E-17	1.81E-17	7.15E-18	3.22E-18
1.66E-18	1.00E-18	7.46E-19	6.80E-19	6.89E-19	6.96E-19	6.56E-19	5.69E-19
4.56E-19	3.43E-19	2.47E-19	1.72E-19	1.17E-19	7.80E-20	5.16E-20	3.38E-20
2.20E-20	1.41E-20	8.94E-21	5.66E-21	3.57E-21	2.25E-21	1.42E-21	8.90E-22
5.58E-22	3.50E-22	2.19E-22					
5.18E-19	4.31E-19	1.00E-15	2.69E-16	7.38E-17	2.33E-17	8.42E-18	3.49E-18
1.64E-18	8.85E-19	5.77E-19	4.61E-19	4.23E-19	4.01E-19	3.64E-19	3.10E-19
2.46E-19	1.85E-19	1.34E-19	9.42E-20	6.50E-20	4.42E-20	2.99E-20	2.01E-20
1.34E-20	8.80E-21	5.75E-21	3.74E-21	2.43E-21	1.57E-21	1.02E-21	6.54E-22
4.19E-22	2.68E-22	1.71E-22					
4.95E-19	3.97E-19	1.52E-15	3.90E-16	1.03E-16	3.07E-17	1.04E-17	4.07E-18
1.77E-18	8.56E-19	4.78E-19	3.22E-19	2.56E-19	2.21E-19	1.90E-19	1.56E-19
1.21E-19	9.02E-20	6.50E-20	4.58E-20	3.17E-20	2.18E-20	1.49E-20	1.01E-20
6.85E-21	4.59E-21	3.05E-21	2.03E-21	1.35E-21	8.99E-22	5.97E-22	3.95E-22
2.61E-22	1.72E-22	1.13E-22					
C--------	---------	---------	---------	---------	---------	---------	---------
C							
C  PHOTON	EMISSIVI	TY COEFFI	CIENTS:				
C							
C							
C  INFORM	ATION						
C  ------	-----						
C							
C  NUCLEA	R CHARGE	7					
C  ION CH	ARGE +1	2					
C							
C  SPECIF	IC ION FI	LE  : /ho	me/adas/a	das/adf04	/adas#7/c	op98#7_ls	#n1.dat
C  EXPANS	ION FILE	: /ho	me/asg/ad	as_dev/ad	as/adf18/	a17_p208/	exp96#c/exp96#c_n1ls.dat
C							
C  No ion	isation d	ata has b	een inclu	ded			
C							
C  OPTION	S  : LNOR	M=T  LPSE	L=F  LZSE	L=F  LIOS	EL=T		
C	LHSE	L=F  LRSE	L=T  LISE	L=F  LNSE	L =T		
C							
C							
C   Confi	guration		(2s+1)l(	w-1/2)	En	ergy (cm*	*-1)
C     1	2S2 2P2		(3)1(	4.0)		0	
C     2	2S2 2P2		(1)2(	2.0)	152	27.3	
C     3	2S2 2P2		(1)0(	0.0)	325	99.9	
C     4	2S1 2P3		(5)0(	2.0)	466	95.7	
C     5	2S1 2P3		(3)2(	7.0)	921	57.7	
C     6	2S1 2P3		(3)1(	4.0)	1091	31.6	
C     7	2S1 2P3		(1)2(	2.0)	1440	99	
C     8	2S1 2P3		(3)0(	1.0)	1550	37.8	
C     9	2S2 2P1	3S1	(3)1(	4.0)	1489	23.5	
C    10	2S2 2P1	3S1	(1)1(	1.0)	1490	98.9	
C    11	2S1 2P3		(1)1(	1.0)	1666	76.8	
C    12	2S2 2P1	3P1	(1)1(	1.0)	1645	21.9	
C    13	2S2 2P1	3P1	(3)2(	7.0)	1665	26.3	
C    14	2S2 2P1	3P1	(3)0(	1.0)	1688	3.3	
C    15	2S2 2P1	3P1	(3)1(	4.0)	1705	47.5	
C    16	2S2 2P1	3P1	(1)2(	2.0)	1741	23.1	
C    17	2S2 2P1	3P1	(1)0(	0.0)	1781	84.5	
C    18	2S2 2P1	3D1	(1)2(	2.0)	1870	2.5	
C    19	2S2 2P1	3D1	(3)3(	10.0)	1865	2.9	
C    20	2S2 2P1	3D1	(3)2(	7.0)	1873	82	
C    21	2S2 2P1	3D1	(3)1(	4.0)	1887	94.6	
C    22	2S2 2P1	3D1	(1)3(	3.0)	1892	46.3	
C    23	2S2 2P1	3D1	(1)1(	1.0)	1900	31.3	
C    24	2S2 2P1	4S1	(3)1(	4.0)	1965	63.8	
C    25	2S2 2P1	4S1	(1)1(	1.0)	1977	69.8	
C    26	2S2 2P1	4P1	(1)1(	1.0)	2020	81.7	
C    27	2S2 2P1	4P1	(3)2(	7.0)	2027	11	
C    28	2S2 2P1	4P1	(3)0(	1.0)	2034	48.8	
C    29	2S2 2P1	4P1	(3)1(	4.0)	2031	36	
C    30	2S2 2P1	4P1	(1)2(	2.0)	2052	61.3	
C    31	2S2 2P1	4P1	(1)0(	0.0)	2068	21.3	
C    32	2S2 2P1	4D1	(1)2(	2.0)	2098	36.9	
C    33	2S2 2P1	4D1	(3)3(	10.0)	2096	70.6	
C    34	2S2 2P1	4D1	(3)2(	7.0)	2101	88.5	
C    35	2S2 2P1	4D1	(3)1(	4.0)	2106	39.7	
C    36	2S2 2P1	4D1	(1)3(	3.0)	2110	14.7	
C    37	2S2 2P1	4F1	(3)3(	10.0)	2109	54.8	
C    38	2S2 2P1	4F1	(1)3(	3.0)	2109	67.4	
C    39	2S2 2P1	4D1	(1)1(	1.0)	2112	47.3	
C    40	2S2 2P1	4F1	(3)4(	13.0)	2112	42.7	
C    41	2S2 2P1	4F1	(3)2(	7.0)	2113	63.4	
C    42	2S2 2P1	4F1	(1)4(	4.0)	2113	13.1	
C    43	2S2 2P1	4F1	(1)2(	2.0)	2113	26.3	
C    44	1S2 2P4		(3)1(	4.0)	2202	6.7	
C    45	1S2 2P4		(1)2(	2.0)	2411	73.4	
C    46	1S2 2P4		(1)0(	0.0)	2652	76.9	
C							
C							
C							
C  ISEL	WAVELENGT	H       T	RANSITION		TYP	E   METAS	TABLE  IMET NMET  IP
C  ----	---------	-  ------	---------	---------	----  ---	--  -----	------ ---- ----  --
C   1.	5680.91	13(3)	2( 7.0)-	9(3)1(	4.0)  EXC	IT	T    1
C   2.	5738.09	13(3)	2( 7.0)-	10(1)1(	1.0)  EXC	IT	T    1
C   3.	5593.06	30(1)	2( 2.0)-	20(3)2(	7.0)  EXC	IT	T    1
C   4.	5547.33	31(1)	0( 0.0)-	21(3)1(	4.0)  EXC	IT	T    1
C   5.	5649.85	19(3)	3(10.0)-	14(3)0(	1.0)  EXC	IT	T    1
C   6.	5680.91	13(3)	2( 7.0)-	9(3)1(	4.0)  REC	OM See #7	_ls#n1            +T
C   7.	5738.09	13(3)	2( 7.0)-	10(1)1(	1.0)  REC	OM See #7	_ls#n1            +T
C   8.	5593.06	30(1)	2( 2.0)-	20(3)2(	7.0)  REC	OM See #7	_ls#n1            +T
C   9.	5547.33	31(1)	0( 0.0)-	21(3)1(	4.0)  REC	OM See #7	_ls#n1            +T
C  10.	5649.85	19(3)	3(10.0)-	14(3)0(	1.0)  REC	OM See #7	_ls#n1            +T
C							
C  CODE	: ADAS	208					
C  PRODUC	ER : Ales	sandra Gi	unta				
C  DATE	: 10/0	08-Dec					
C							
C--------	---------	---------	---------	---------	---------	---------	-----------------
